"logFC"	"AveExpr"	"t"	"P.Value"
"MXRA5"	-1.52826778374903	-0.386962417764706	-4.20184834921001	0.000103488817973589
"DKFZP566H0824"	-0.821935843880309	-0.113843432745098	-3.61934418300171	0.000666071611746574
"PRKCDBP"	-0.515288083851351	-0.351219318509804	-3.61582492110752	0.000673340227483178
"MMP1"	-1.70414585720463	0.199993842803922	-3.60771610438123	0.00069037782952046
"ADAMTS1"	-1.21952046449035	-0.330351734666667	-3.59294642673806	0.000722475062977766
"SLC20A2"	0.589033098565637	0.0959342210392157	3.54728111962196	0.00083097961130174
"SSR2"	0.347523607316602	0.148836431843137	3.37716564379647	0.0013883474078816
"GCS1"	0.461980652059846	0.139935894509804	3.3346982980422	0.00157493672467685
"NPY"	2.65743090754247	0.453834376607843	3.30995764581897	0.00169434144763046
"HBXIP"	-0.407399071710425	0.10564177227451	-3.30775453363902	0.00170537979964469
"ZNRF4"	0.292465146063706	-0.0879772282352941	3.20208087383868	0.00232230054747889
"CBX5"	-0.55898143130888	0.491709357490196	-3.18194473363022	0.00246153350767898
"PTK7"	0.43575901180695	0.144794403509804	3.16759899847119	0.00256548100183048
"AMN"	0.311284425474904	-0.120924549588235	3.16470286632079	0.0025869609429284
"DEDD"	0.278405335252896	0.0684566246666667	3.13408629909565	0.00282461983644991
"GAP43"	0.653863656243243	-0.0507053041764706	3.09380554517618	0.00316861541939251
"PDLIM1"	-0.573090936826255	0.0975984618431373	-3.09169586518376	0.00318767292523954
"HSPB1"	-0.601154674627413	-0.319363007588235	-3.09155653455976	0.003188935324535
"SLC27A6"	-0.937055531071429	-0.0401757240980392	-3.08698859751417	0.00323058341905794
"POLB"	0.679952662911197	0.270621921117647	3.08168183014476	0.00327960781280395
"TNNT1"	-1.05743746116988	0.327695702901961	-3.07973988844424	0.00329772122653953
"DDOST"	0.341284283295367	0.317338585607843	2.98551757070828	0.00429800192678182
"CHN1"	-0.685544862671815	0.265570626411765	-2.97285701652337	0.00445219164004746
"ABCA1"	-0.62906123327027	-0.382172123529412	-2.96793322128371	0.00451353803265638
"EPAS1"	-0.554492898430502	-0.386659342607843	-2.96128700668642	0.00459759410616381
"CIB2"	0.496738070343629	0.249989622803922	2.95441967643839	0.00468597685759589
"DEC1"	0.265529183194981	-0.0862071608235294	2.94654007596827	0.00478933580353477
"ATP2B2"	-0.473673347353282	0.0163846988627451	-2.92968794562705	0.00501755211433507
"OXCT1"	-0.763232518517375	0.0567159479411765	-2.92054315989719	0.005145587492803
"SLC9A8"	-0.284845025656371	-0.210241957627451	-2.90513743948592	0.00536817086506402
"SLC1A3"	-0.889441215694981	-0.419215597882353	-2.88843823187193	0.00561952307684835
"HPCAL1"	0.534973094247104	0.0417967575294118	2.88053726149098	0.00574221442297311
"CNDP2"	-0.456622417501931	-0.142804887078431	-2.87811331684407	0.00578035023949355
"DKK4"	0.826368654830116	0.118974877431373	2.8662201161093	0.00597089238790474
"TCF3"	0.398046458025097	0.216285629333333	2.86401596125104	0.00600683861616142
"DENND4C"	-0.567316506088803	-0.103481105901961	-2.86291486117156	0.00602487081723123
"PVRL3"	-0.965371301140927	0.452542603196078	-2.84950962391794	0.00624846192530456
"OSMR"	-0.588927527050193	-0.649680751352941	-2.845789984635	0.00631185147585154
"SMARCD3"	-0.609941891876448	-0.492752895980392	-2.83824044014727	0.00644234418051414
"VWA1"	-0.57494530172973	-0.323597932313725	-2.83732532669514	0.00645833033313739
"SIRT2"	-0.401684868200772	0.0138750740784314	-2.82023617383048	0.00676368615069126
"TRIM62"	0.277340431963321	-0.0558089132941176	2.81749303796947	0.00681392717822829
"MAGEA12"	0.859324870876448	0.0111634196470588	2.8124574706191	0.00690705338904875
"HSD17B2"	0.383290311279923	-0.234840311156863	2.81167736260137	0.00692158524041204
"ZIC1"	-1.94828519438417	0.509900251333333	-2.80524749318379	0.00704244127188353
"NFIB"	-0.799740547868726	0.0806361253137255	-2.79387085032437	0.00726106381198689
"GPATCH4"	0.329609532611969	0.081884883627451	2.77081292832667	0.00772350066122217
"CX3CL1"	-0.473836345584942	-0.271199938803922	-2.76985195369394	0.00774335037557827
"PTGS1"	-1.0713872445	-0.0714163234117647	-2.76619594061003	0.00781929883869094
"MUC1"	-0.735381137415058	-0.465234667352941	-2.76345651372677	0.00787665579603103
"ASGR1"	0.192575177882239	-0.0414845534901961	2.76078393168775	0.00793298655228673
"DES"	0.229148877758687	-0.169072080470588	2.75206577954676	0.00811933147031994
"RCAN3"	0.439421152177606	0.155103212431373	2.74106507460644	0.008360214967387
"SLC34A2"	-1.04484226666216	-0.826818266588235	-2.74068607065847	0.00836863006379856
"PRKAR1B"	0.378079892040541	-0.0812918375098039	2.74046339399301	0.00837357783011179
"C15ORF15"	0.39792614130888	0.156503159431373	2.73996696704372	0.00838461788416765
"TRADD"	-0.278303339785714	-0.308771042235294	-2.73551736171923	0.00848417245797889
"TULP1"	0.298472335694981	-0.0627545564901961	2.73047464493459	0.00859831090559515
"TBX21"	0.138710419123552	-0.0585381798823529	2.72704776496923	0.00867668001927323
"GNG3"	0.367742841837838	0.0665808505686274	2.72435361236018	0.00873875295147558
"AKAP8L"	-0.432204884104247	0.271145441686275	-2.72309892977513	0.0087677997706348
"ZNF250"	-0.449466651052123	-0.106579270411765	-2.7224397148228	0.00878309661602052
"PDZD2"	-0.541758442200772	-0.621094898254902	-2.71683675306534	0.00891410495853253
"SARS"	-0.376071961953668	-0.0151691797254902	-2.71360559777078	0.00899046965221831
"SNTG2"	0.731184988581081	-0.0180388022352941	2.69297182512695	0.00949246566682562
"ADAM20"	-0.3553582025	-0.0171543694901961	-2.69092103270129	0.00954373912339588
"C2ORF37"	0.368296761293436	0.162580862862745	2.67659324587633	0.00990910572437805
"P2RY6"	-0.422842515918919	-0.530440002215686	-2.67206955372173	0.0100270981066499
"CTAG2"	0.619559226478764	-0.0843040448431372	2.67084730400094	0.0100591984422718
"DNAH2"	0.638713576144788	0.427674947333333	2.66983811451632	0.0100857740362255
"ODAM"	1.68544781543822	0.407820652254902	2.66641265061476	0.010176459195738
"NLGN1"	-0.863587467671815	0.350957847823529	-2.66054068468217	0.0103336515587311
"GEMIN4"	0.554458119063707	0.254905705411765	2.6577964317201	0.0104078746577749
"AKR7A3"	0.256410495793436	0.0807202360588235	2.6576549630005	0.0104117141196381
"RNASE1"	-0.67704088880695	-0.308690283254902	-2.65356831794942	0.01052318686211
"TCF12"	0.483780546737451	0.276519207431373	2.65238096978567	0.0105557786910194
"SFRP1"	1.18797907074517	0.256166241313726	2.64859386220184	0.0106603500513493
"B3GNT2"	0.524764863677606	0.0695383129411765	2.64093039822817	0.0108748615765148
"UBC"	-0.39736452296139	-0.118861272607843	-2.63826320808982	0.0109504411118058
"HEPH"	-0.636710662594594	-0.30024972254902	-2.63337458684742	0.0110902165838311
"GPC5"	-0.965119353720077	0.0820188310980392	-2.62148195962067	0.0114370839279653
"PLEKHJ1"	0.308332058843629	0.0988517845294118	2.61916297531011	0.0115058641981124
"GPR3"	0.226608485658301	-0.0318237687647059	2.61511836964091	0.0116267300764181
"ZNF467"	-0.281558336108108	0.00577547347058823	-2.61334326765434	0.0116801408454732
"ADAMTS7"	0.221402709303089	-0.00310949562745098	2.60261852110485	0.0120076266766944
"SMPDL3B"	0.507105106333977	0.236869587901961	2.60140038034118	0.0120453480455606
"HTRA2"	0.34156642000193	0.114194176764706	2.59883511696858	0.0121251384725092
"CHRNB4"	0.309817957297297	-0.154385240588235	2.59503447556337	0.0122442403735307
"PLEKHA2"	0.404176281303089	0.0481952997843137	2.59260495324346	0.0123209327388817
"PFDN2"	0.304819409140927	0.18140637545098	2.59077614681826	0.0123789508910237
"AVEN"	0.515515829664093	-0.204824248058824	2.59061367706132	0.0123841172001116
"SMARCA2"	-0.501805869822394	-0.243117173823529	-2.58279659724478	0.0126350225634874
"CCR4"	0.279757132509653	-0.0598276184901961	2.58129983987058	0.0126835889166338
"BLVRB"	-0.644282360611969	-0.262306975941176	-2.58002256480352	0.012725167924422
"DDIT3"	-0.558655209050193	0.0916953997254902	-2.57625531763988	0.0128485265519514
"NAIP"	-0.496088179766409	-0.187887811117647	-2.5714355399495	0.0130079372219207
"PURA"	-0.433243445689189	-0.225874951137255	-2.5531024718056	0.0136308641359557
"MYLC2PL"	0.21277877265444	-0.123912913137255	2.5528393772065	0.0136399977179878
"SOX21"	0.281341744669884	0.0166703491372549	2.5436760997002	0.0139616001742606
"LCN2"	-0.959583531637065	-1.26295933876471	-2.54285401904001	0.0139907866359658
"TMEM30A"	-0.472142698424711	0.412726747	-2.53023490861285	0.0144458110079714
"MET"	-0.517666465322394	-0.0949733997843137	-2.52935060255921	0.0144781955843979
"FLJ10241"	-0.430035975992278	0.191480323686275	-2.52850146484932	0.0145093542116227
"ALOX12P2"	-0.512236070517375	-0.274904510333333	-2.52800097107569	0.0145277480263103
"NMUR1"	0.673020943644788	0.0386471170588235	2.52754722611912	0.0145444420363777
"PRCC"	0.253425076266409	0.265821864156863	2.52513228248309	0.0146335847983224
"CFI"	-1.07718235245753	0.00276794388235295	-2.52236733616309	0.0147362553753973
"UST"	0.447097619799228	0.0925034054313725	2.5176811769176	0.0149117586476763
"RASSF7"	-0.449774493872587	-0.218520377392157	-2.50894044482503	0.0152441814919899
"SEMA4D"	-0.35277301165444	0.0159073840392157	-2.50864202540512	0.015255648408979
"TNFSF15"	-0.361759869125483	-0.170710334686275	-2.50790076937154	0.0152841653582371
"LMX1B"	0.219086069389961	-0.0468492147254902	2.49985820048964	0.015596689927684
"CES2"	-0.286409842776062	-0.211820530862745	-2.49168968241383	0.0159200184749421
"DKFZP586H2123"	-0.755163688324324	-0.293653567686274	-2.48730988994577	0.0160958665471662
"CAPNS1"	-0.365364701293436	0.0185247493529412	-2.48685895886553	0.0161140707354684
"MDK"	-0.62999846173166	0.454366037745098	-2.48523701247668	0.0161797030832798
"SFRS2B"	0.411107460434363	0.147254210705882	2.48504228165551	0.0161875991294359
"TNFSF8"	0.989951829971042	0.0313924799803922	2.48103471888101	0.0163508753715487
"PAK4"	-0.342334916416988	0.224809423921569	-2.48040241208631	0.0163767723581763
"RMND5A"	0.353229272667953	0.350566075568627	2.48037759206571	0.016377789651647
"TMEM53"	0.350860689984556	0.0394343289411765	2.47970857740109	0.0164052319545201
"AVIL"	-0.445840100544402	-0.162082982607843	-2.4790773112883	0.0164311639471588
"CLCN5"	-0.587408018610039	0.157400948313725	-2.4789556488737	0.0164361660138583
"DYNC1LI2"	-0.304289834401544	0.109047247196078	-2.47784771101769	0.0164817814828798
"SIRT5"	-0.41386214711583	0.00109072211764706	-2.46918356442029	0.0168424607673056
"CPZ"	0.546047344106178	-0.181786439529412	2.46419328291602	0.0170534211494222
"RPS15"	0.278093524071429	-0.0465929842352941	2.45846028475751	0.0172987211381381
"AARS"	-0.325971541646718	0.19162253045098	-2.45608816180673	0.01740114587202
"RAB40A"	-0.192871197476834	-0.00482590219607843	-2.45592631217318	0.0174081541942617
"RANBP10"	-0.26628232199807	-0.00230042721568627	-2.45556653381717	0.0174237422365991
"HIST1H4L"	0.673748153528958	0.82463430127451	2.45310441795545	0.0175307561517407
"ZNF131"	-0.374265929399614	0.244761925862745	-2.45006635484434	0.0176636199185061
"GSCL"	0.332291716714286	-0.08680183	2.44333135281706	0.0179614046463689
"TENC1"	-0.345294443567568	-0.244524813431373	-2.44005442457876	0.0181079221108605
"MEX3D"	0.340487071183398	-0.000404031392156868	2.43987586482649	0.0181159366932701
"CALML3"	0.307048899741313	-0.0650664197647059	2.43960716482739	0.0181280032071022
"TLR1"	-0.452496302411197	-0.476508847196078	-2.43931022142075	0.018141346469549
"CDK5R2"	0.205449160965251	-0.107543145215686	2.43853202096546	0.0181763571827613
"CHI3L1"	-0.920160582743244	-0.695743443901961	-2.43785562711238	0.0182068371137331
"FLJ13231"	-0.417502856710425	-0.0438742127647059	-2.43471935891449	0.018348767364551
"GALR3"	0.296322296181467	-0.0273028529019608	2.43129659155328	0.0185047993341013
"C20ORF3"	0.357684753050193	0.354913445803922	2.428886344762	0.0186153897098928
"GLCE"	0.637559771550193	0.226090472254902	2.42881480277667	0.0186186813732146
"GCOM1"	0.301664593150579	0.0211066864509804	2.42848542391596	0.0186338429302865
"SV2A"	0.544772548206564	0.237288577254902	2.4234153830715	0.0188686268172701
"ABCC4"	-0.713578523320463	-0.056340745627451	-2.42180772069978	0.0189436284402192
"SEMA6C"	0.397931340861004	0.362326462921569	2.42072407609808	0.0189943344727591
"C1ORF164"	0.398092356447876	0.0296229435490196	2.41965067326491	0.0190446815946752
"SGK2"	-0.635972740021236	0.0318307102156863	-2.41873547976676	0.0190877027917225
"GSG1"	0.179062422415058	-0.0413226740196078	2.41776698553926	0.019133324702642
"AES"	0.355511208484556	-0.215482968137255	2.41562845171998	0.0192344100093397
"AMIGO2"	-0.923308238812742	-0.223720145568627	-2.41294787605129	0.0193617948553638
"TNR"	0.161780230517374	-0.105627906588235	2.41257448251334	0.0193795991063656
"SERPINB1"	-0.615501004361004	-0.653080338588235	-2.41107814722222	0.0194510955135517
"CHST5"	-0.329602117918919	-0.0154366518431373	-2.40425607223879	0.0197800743471016
"MPHOSPH10"	0.321369523565637	0.13345446854902	2.40238216719007	0.0198713098775359
"ELMO1"	-0.394186424376448	-0.312709851901961	-2.39930989274081	0.0200217088931212
"SLC3A2"	-0.30002829469305	-0.0608666557254902	-2.39534848517741	0.0202171424704433
"SEMA3G"	0.429412712067568	0.0653463768235294	2.39484506754847	0.0202421005059831
"COX10"	0.256948587212355	0.129203556509804	2.39089070262945	0.0204391105548297
"KLK11"	-1.07282198387645	-0.49568413327451	-2.3857436410732	0.0206981182268036
"IRAK3"	-0.560456986046332	-0.205827550156863	-2.38485136759045	0.0207433169423105
"PKP1"	0.239669602444015	0.0176460298431373	2.38374989059462	0.0207992350692954
"GJA1"	-0.89499271977027	0.153538726254902	-2.38052814086151	0.0209635687063376
"HSPA1L"	-0.442408380737452	-0.017527646254902	-2.38001458527668	0.0209898712210224
"TFDP2"	0.487516143233591	0.45730144072549	2.37994435797149	0.0209934703155158
"FLJ10154"	-0.472092232129344	0.0499473284117647	-2.37921254664341	0.0210310080056547
"ERBB4"	-0.865050293702703	0.146434350196078	-2.37855167564384	0.0210649585538683
"NPM3"	0.377679434194981	0.00571285958823529	2.37695819850875	0.0211470214491637
"RNF170"	0.432746365478764	0.00402466131372549	2.37356633669799	0.0213226544983179
"WSCD1"	0.619472820166023	0.218457249803922	2.37266113877019	0.0213697466987307
"AHNAK2"	-0.874344494916988	-0.635591155156863	-2.37109522081291	0.0214514323823639
"TUBB4"	0.371105718084942	0.160659814392157	2.35939352961089	0.0220707539327413
"IFRD1"	-0.434704332702703	-0.0365415654313725	-2.35239110576924	0.0224489699955611
"RNF186"	-0.162095466420849	-0.00106085756862745	-2.3523051571313	0.0224536480595824
"TRHDE"	0.767174980351352	-0.0722019559215686	2.35074892106154	0.0225385027421219
"TMEM149"	-0.586849232138996	-0.172176346078431	-2.3485592476698	0.0226583815139653
"GHRHR"	0.178441212453668	-0.0886814165686274	2.3439638279769	0.0229118236135043
"PROX1"	0.473200658608108	0.0901632169019608	2.34106820757395	0.023072818202037
"TKTL1"	2.449973421861	1.12063288521569	2.33751615667335	0.0232716897307101
"KLK10"	-0.502491182198842	-0.503873801627451	-2.33746900622592	0.0232743398452793
"TBX1"	0.290388479463321	0.0132134996666667	2.33414769729394	0.0234616952022216
"GRAP"	0.216328833017375	-0.0660249674117647	2.33283170847695	0.0235363019695836
"C1ORF217"	-0.418205070011583	-0.115334630470588	-2.33277596895034	0.0235394666560429
"LYRM2"	-0.325801822395753	0.368726118941176	-2.33250100689423	0.0235550835556909
"LPPR4"	-0.563248112739383	-0.553815482176471	-2.33001835879178	0.023696508738607
"INE1"	-0.438398668750965	-0.216502012490196	-2.32997803768097	0.0236988118901318
"NUDT2"	-0.370042648942085	-0.0925590134901961	-2.32845944525303	0.0237856998435346
"EFNB2"	-0.709692612965251	0.149184841078431	-2.32813347680353	0.0238043875098377
"TP53I3"	0.55942300003668	0.435440473941176	2.3277903931813	0.0238240705345431
"NDOR1"	0.203034624525097	-0.0563863758431373	2.32777439224286	0.0238249888775442
"GNAT2"	-0.505226411084942	0.0676090734705882	-2.32665605440888	0.0238892520290236
"TCTN1"	-0.473105270849421	0.261281603	-2.32363613204893	0.0240635594827483
"SCLY"	0.258163309982625	0.0442479575490196	2.32306365998245	0.0240967297293941
"ACTN4"	-0.412059694772201	0.0135540914705882	-2.31797624685352	0.0243933014811945
"SH3BP1"	0.330620879754826	-0.0876075636666667	2.31653320229687	0.0244780144215244
"STAU2"	-0.288565365706564	0.118575034176471	-2.31481504596601	0.0245792195546127
"NINJ1"	-0.37996019307722	-0.33331812345098	-2.31478358571536	0.0245810761401552
"UBAP2"	-0.309480238071429	0.0919114735294118	-2.31099019205423	0.0248058565234087
"PCDHGA9"	-0.469968341420849	-0.0415876581176471	-2.30897659619782	0.0249259162224173
"ADRA1D"	0.168679629648649	-0.101946523588235	2.3080125278198	0.0249835813821389
"ALDH4A1"	0.334117925758687	0.0911094843137255	2.30348209336608	0.0252561608310986
"PRMT2"	-0.295059316830116	0.0798976237647059	-2.30056794029047	0.0254328910435599
"B4GALT3"	0.296838619426641	0.130788513431373	2.29641362667757	0.0256867345251743
"CYP4F11"	-0.50326987823166	-0.243667548647059	-2.29400883176067	0.0258347041455702
"CELSR2"	-0.35065414984749	-0.162877387	-2.29343952409327	0.0258698450759132
"PLD3"	-0.603082428096525	0.39953850572549	-2.29001425343986	0.0260821712887995
"RYK"	0.31553872354054	0.0838501805882353	2.28253570316873	0.0265511463056849
"PPFIA2"	-0.155994320891892	-0.0761421635490196	-2.28108928917305	0.026642710025713
"DGKB"	-0.396239399492278	-0.0599204847254902	-2.27714283003725	0.0268939651089078
"AATK"	0.395899445233591	0.138266769921569	2.27704686705197	0.0269001008072915
"AVP"	0.226090759098456	-0.0413719870784314	2.27618122940038	0.026955504317121
"RPL39L"	-0.455086050700772	0.575432901941176	-2.27569469652197	0.0269866884061789
"SH3BP4"	0.493804710982626	0.181506413333333	2.27412050744739	0.0270878049334218
"FLJ30092"	-0.352766241891892	0.005356178	-2.2718538916031	0.027233989758006
"ZNHIT4"	0.259337401399614	0.0379833214509804	2.27116332720354	0.0272786665201216
"SETMAR"	0.308083869418919	0.274785268666667	2.270069951019	0.0273495366598887
"MAGEB2"	0.775497481756757	-0.0778104310980392	2.27006159143113	0.0273500791381794
"ATP13A2"	0.305670241656371	-0.00179764341176471	2.26664755198538	0.0275724262296646
"LCP1"	-0.790146743361004	-0.275728717156863	-2.26429154725895	0.0277268003223128
"CCR1"	-0.336471701262548	-0.595807915333333	-2.26403665769745	0.0277435475025895
"PPM1G"	0.29240483096139	0.294036471137255	2.26038814485658	0.0279842535832345
"TTC35"	-0.337727476866795	-0.365974783372549	-2.25893281292404	0.0280807828219693
"UNC93A"	1.03200425093822	0.466592061490196	2.25893007746887	0.0280809645368482
"LRRC36"	-0.346039673216216	-0.143210687627451	-2.25878861704475	0.0280903631012424
"NXN"	0.499405428484556	0.117206862980392	2.25531508781218	0.0283220194857522
"SP2"	-0.292410625507722	0.0738574353921569	-2.25411570985323	0.0284024007291367
"AMT"	-0.607661447592664	-0.0763830624509804	-2.25371919865449	0.0284290189913386
"DNAJC10"	0.428135607341699	0.364934847352941	2.25202729416641	0.0285428471124342
"THBS4"	0.933259658027027	0.787397178705882	2.25079754163387	0.0286258357849535
"P2RY5"	-0.638279223523166	-0.543577174901961	-2.24844985689348	0.0287848608471423
"CETN1"	0.180665099166023	-0.0303761946470588	2.24622589707701	0.0289362263965757
"NEUROG3"	0.283654738474903	-0.0698595705490196	2.24542596097556	0.0289908431946329
"CHRNA9"	0.198633733111969	-0.0791214174117647	2.24458548728373	0.0290483260791648
"LOH3CR2A"	-0.460538375455599	-0.315365789117647	-2.24273357775484	0.029175340830268
"C1ORF76"	0.182399250397683	0.0122458749215686	2.2427057387319	0.0291772539380032
"DCX"	0.774850479233591	0.120058351960784	2.24186085506098	0.0292353675038051
"CLIP2"	0.339049416472973	0.0435953698627451	2.23928413526704	0.0294132350418266
"PRRC1"	-0.293107344138996	-0.122390838	-2.23917829279876	0.0294205616403049
"PAF1"	-0.505723990277992	0.33433585672549	-2.23346383408473	0.0298185314953396
"CACNG2"	0.21139180980888	-0.0651126433333333	2.23129809831117	0.0299705987747525
"SLC5A6"	0.409106182067568	0.379343275254902	2.23102967027213	0.0299894941532118
"CLGN"	-1.07697022674131	-0.0387755837450981	-2.2298162140577	0.0300750441390473
"SELL"	-0.380087649779923	-0.413040834862745	-2.22786621401906	0.0302129732882118
"PRAME"	0.797393615897684	0.646844029607843	2.22595483195861	0.0303487132562296
"DGKD"	0.314376498241313	0.169182490862745	2.22488940651087	0.0304246099347716
"BCAN"	0.297148580256757	-0.142030430254902	2.22463890487757	0.030442479013323
"NHLH1"	0.187331306637066	-0.0831642130980392	2.22245418565487	0.0305987155522366
"GABRD"	0.189788303762548	-0.133924501352941	2.22003209025404	0.0307727553439224
"IFI35"	-0.670424373287645	-0.300516941039216	-2.21978477802226	0.0307905750826905
"CD81"	-0.380893303832047	-0.316054093960784	-2.21971481882186	0.0307956175490869
"RNF2"	0.292845545859073	0.268143531156863	2.21469947574298	0.0311590154112957
"SRPRB"	0.368414787434363	-0.114487237588235	2.21404926563954	0.0312064039868134
"GPRIN2"	0.441698071057915	0.0689388463921569	2.2118382424577	0.0313680240021488
"ULK2"	-0.403701918787645	0.0876175416470588	-2.21171217011241	0.0313772617842338
"RRAS"	-0.602167359766409	-0.432618867019608	-2.21007074075212	0.0314977546324963
"FBXW7"	0.295748188650579	0.0735354804117647	2.20604117028201	0.0317952874622238
"WDR91"	-0.319083121009653	-0.296469221901961	-2.20574417829104	0.0318173143427588
"OAS3"	-0.76149359919305	-0.236875512980392	-2.20406729927505	0.0319419354408394
"CSAD"	-0.43000887134749	-0.128376478039216	-2.20395839433962	0.0319500438260811
"PODXL2"	0.401430430034749	0.324530012745098	2.20276857905924	0.0320387483973065
"COL7A1"	-0.335528096839768	-0.0282629170196078	-2.20267459785272	0.0320457642449093
"RTF1"	0.280472440445946	0.0942202076862745	2.19968657266056	0.032269532459661
"AKR7A2"	0.239138725689189	0.210018917509804	2.19579971321006	0.0325626733589846
"DNAJA1"	-0.353308092169884	0.226100736921569	-2.19415469855653	0.0326874428427418
"G0S2"	-0.49442015473166	-0.403262804784314	-2.19203022207622	0.0328492011787621
"IL1RAP"	-0.638084838357143	-0.282821923862745	-2.19069677689387	0.032951089915967
"KRT33B"	0.198263378951738	-0.0960443853137255	2.18906572940945	0.0330760968390979
"FRS2"	0.384225268712355	0.191988349392157	2.18821346926123	0.0331415818153638
"CTSB"	-0.454190077882239	-0.247694872411765	-2.18748869874471	0.0331973606777654
"ZNF557"	0.344798262569498	-0.224836676333333	2.18740621797368	0.033203713692649
"C9ORF9"	-0.404789756353282	0.0182410019215686	-2.18439782493546	0.0334361654026637
"PDE1C"	0.413384741245174	-0.224713128196078	2.18346131022416	0.0335088195188867
"STYXL1"	-0.405232724054054	-0.133870863568627	-2.18200603914211	0.0336219940576888
"TSSC1"	0.371780534683398	0.404518510137255	2.18150391113259	0.0336611218720357
"LOC63920"	-0.482501060559846	0.315945609176471	-2.17974808075877	0.0337982583307724
"MYL7"	0.513797786042471	0.00645332474509804	2.17720487289757	0.0339977631549834
"GDNF"	0.222045386567568	-0.0868935600392157	2.17407725046763	0.0342445325082256
"RNASEH1"	0.323779249241313	0.290280890196078	2.17303243133922	0.0343273189050377
"PSMD8"	-0.4200290423861	0.251200964176471	-2.17290963509155	0.0343370602282873
"S100A11"	-0.469533161397684	-0.365824821529412	-2.17179894738031	0.0344252806009684
"MGLL"	-0.476163797928572	-0.629334243803922	-2.17140500388248	0.0344566188110659
"DLGAP2"	0.204167752548263	-0.0604765446862745	2.17120875153936	0.0344722400422934
"NOV"	-0.520777052859074	-0.0807870484509804	-2.17019731662021	0.0345528466576782
"ZNF83"	-0.408569001635135	-0.155884003392157	-2.17009350298696	0.0345611294828345
"PRKAA1"	-0.378239398951738	-0.0941050926470588	-2.16863657580603	0.0346775553877905
"AUP1"	0.297962518391892	-0.0547923523921569	2.16815529206621	0.0347160913666924
"MARCH2"	0.441464619986486	-0.153779588215686	2.16744225483791	0.0347732528146404
"NTN2L"	0.202497634689189	-0.116112362196078	2.16565260332802	0.0349170866467716
"CPOX"	0.285868981864865	0.164251410294118	2.16270421886242	0.035155187372579
"SLC5A3"	-0.405545551629344	0.087615361627451	-2.16266934759402	0.0351580119587481
"RPLP1"	0.310484752940154	-0.101716738647059	2.1620968948191	0.0352044093503451
"B3GALT2"	0.306748462341699	-0.0456362600196078	2.15896553465406	0.0354591591778371
"NNMT"	-0.893630014677606	-1.76660373221569	-2.15807493999262	0.0355319078741815
"PI4K2A"	0.214771061372587	0.0370681792156863	2.15733532439912	0.0355924233007764
"MSN"	-0.428795182822394	-0.45128220445098	-2.15683930714134	0.0356330581398776
"BBS1"	-0.276104612882239	0.197304790666667	-2.15676511817374	0.0356391393641576
"CCDC46"	-0.434708548131274	0.123305074392157	-2.15660088990337	0.0356526042946439
"MAP3K12"	-0.281524419131274	-0.0467924043921569	-2.15554764505766	0.0357390650780652
"PIGZ"	-0.71031796345946	-0.153748521411765	-2.15481634917305	0.0357992052650224
"CD44"	-0.48091883307529	-0.542720892137255	-2.15436498164719	0.0358363690502749
"REG3A"	0.174459302281853	-0.139104397705882	2.15410232758992	0.0358580105035721
"SIX6"	0.355993990401544	-0.138573962470588	2.15309224266641	0.035941343596927
"TMED3"	0.505170881972973	-0.104219087215686	2.15302476664684	0.0359469164898161
"SUPT5H"	-0.419928022065637	0.170743923352941	-2.15087311136436	0.0361250211525761
"VPS28"	-0.41829796996139	-0.220328726039216	-2.15055378043414	0.0361515198246632
"APOL1"	-0.513845511030888	-0.792482465019608	-2.15051735772511	0.0361545433312951
"UBTD1"	0.359527004413127	-0.0211636047843137	2.14520652896184	0.0365977839630268
"ECHDC2"	-0.347804972714286	-0.0724762478627451	-2.14514290574324	0.0366031226885231
"ITPKC"	-0.384651193289575	-0.0912068482156863	-2.14450813879469	0.0366564243815331
"PAQR5"	0.688007727380309	0.384773399745098	2.14336480754954	0.0367526020952956
"BICD2"	-0.329499908055985	-0.0804895598823529	-2.14192503275328	0.0368740313382782
"RPS16"	-0.293603180874517	0.108714546333333	-2.140534725157	0.036991622028906
"NHLH2"	0.221478728343629	-0.0808524991960784	2.13789547704203	0.0372157507105206
"ZNF236"	-0.309516251600386	0.0276964107058824	-2.1377216666382	0.0372305525894764
"TNNI3"	-0.466034529297297	0.205460498039216	-2.1364345777568	0.0373403229886642
"GC"	0.125433065061776	-0.0726573868235294	2.1362398438612	0.0373569556830813
"DGKQ"	0.256017318853282	-0.100824011568627	2.13537003171078	0.037431327676971
"ANKRD10"	-0.511850259220077	0.00975800635294118	-2.13331590757081	0.0376074772720864
"DRD4"	0.25361734180695	-0.0521189716078431	2.13274316863466	0.0376567211803492
"STS"	-0.306472531812741	-0.333903644588235	-2.12910687078206	0.0379706875365415
"GDPD2"	-0.738219242351352	0.458667427882353	-2.12899476280441	0.0379804034870404
"GPR175"	0.315045460795367	-0.117133677411765	2.12541312997649	0.0382919562220713
"HSF4"	-0.32820683419112	-0.183022508294118	-2.12477695559642	0.0383475277929491
"PSIP1"	-0.431163797451738	0.476679835098039	-2.12243763259493	0.0385524810083291
"NOL3"	-0.309156597523166	-0.028042772372549	-2.12155708222475	0.0386298756941552
"SFRS14"	-0.297845084795367	0.199856606254902	-2.1179194671753	0.0389510398672711
"JMJD2A"	0.38379199780695	0.211478362686275	2.1176216574279	0.038977436463597
"MDS1"	-0.375870941534749	0.189145374431373	-2.11638833564245	0.0390869193735363
"NEUROG1"	0.230198517766409	-0.0929350888627451	2.11552033739281	0.0391641332435619
"AP3D1"	0.234205130687259	-0.0699474334705882	2.11246299178873	0.0394371655356178
"BMP5"	0.368154463785714	-0.00866660733333333	2.1114683835265	0.0395263453964078
"ACTR2"	0.269798984177606	0.199877969352941	2.11123132546063	0.0395476267759119
"EPB41L4A"	0.272839403125483	-0.089967196	2.11013787572315	0.0396459184449688
"PDIA6"	0.360293555320463	0.523003860333333	2.1095469295745	0.0396991281258181
"HIST1H3F"	0.365303918276062	0.284014930058824	2.10695198811894	0.0399335192223798
"RUNDC3B"	-0.597538631756757	0.160334902117647	-2.10584593511684	0.0400337913182318
"TNFRSF1A"	-0.375500880992278	-0.345358132078431	-2.10568939753027	0.0400480003730756
"VLDLR"	-0.526687356017375	0.250037108117647	-2.10513123300436	0.0400987012901324
"RAB4B"	-0.408250532785714	-0.101121084705882	-2.10502467132235	0.0401083871935957
"STK11"	0.232789993523166	-0.119305281117647	2.10448097563969	0.0401578380960271
"ARL14"	-0.419917076994208	-0.105000689117647	-2.10307065937316	0.0402863590306322
"BPGM"	0.384865256573359	-0.116674122098039	2.10200752949947	0.0403834782317236
"KIAA0841"	-0.393898952162162	0.254299350039216	-2.10171340467783	0.04041038320921
"ZMAT4"	1.01205550178764	0.414649069137255	2.10161949017666	0.0404189773020296
"VTCN1"	-1.09267829436873	-0.915830840039216	-2.10141664322989	0.0404375452168251
"SCN9A"	-0.60527051984749	0.0310104461960784	-2.10113791962976	0.040463070755866
"FLJ20323"	0.359261283774131	0.114304247862745	2.10062556713408	0.0405100287188357
"HERPUD1"	-0.311330296737452	-0.177746326117647	-2.10010752470426	0.0405575564917635
"RPN1"	0.345737964295367	-0.0771481562941177	2.09932412440619	0.0406295218835043
"DNTT"	0.258024803173745	-0.122913608333333	2.09905961387287	0.0406538457123716
"FGF20"	0.283727450237452	0.0485518981372549	2.09869568220559	0.040687332852944
"CIC"	-0.381559093054054	0.165283053235294	-2.09745512673095	0.0408016632601684
"C14ORF169"	0.396056019527027	0.0970115932352941	2.0967852331563	0.0408635174811354
"ASCL3"	0.190655217254826	-0.0518620052352941	2.096636828715	0.0408772313720942
"TNFSF18"	0.33455585295946	-0.0909273388627451	2.09502056370656	0.0410268486378048
"ANXA9"	0.381706225679537	-0.238683368941176	2.09483698145647	0.0410438729537171
"C8ORF33"	-0.407195842399614	0.00735519090196079	-2.09464786649853	0.0410614167779788
"ATF6"	0.250185370351351	0.226012289607843	2.0935727036321	0.0411612817908813
"GRIA2"	-0.672386357548263	-0.00415591376470589	-2.09352010179547	0.041166173066218
"DKK1"	1.03922797388803	-0.227907348117647	2.09339492641322	0.04117781475877
"KHSRP"	0.248656969743243	0.0698812317647059	2.09310760853136	0.0412045470498603
"NOD2"	-0.301961012745174	-0.450480134941176	-2.09258973299162	0.0412527688119724
"NDUFA6"	-0.318950303814672	-0.0551000751176471	-2.09068577603404	0.041430477945628
"RAD1"	-0.275977596135135	0.213539236333333	-2.08890186710866	0.0415975870042814
"CLDN11"	0.258492362389961	-0.0833880979607843	2.08711736200556	0.0417653390016689
"CNN2"	0.511383842876448	-0.42881554372549	2.08648059471219	0.0418253406243909
"PDXK"	-0.313677920293436	-0.300354591529412	-2.08506620256184	0.0419588852596248
"BHMT"	0.32485177515251	0.00431699901960784	2.08483777594573	0.0419804877176294
"ALDH3B1"	-0.378870455372587	-0.241609619686275	-2.08275718632088	0.0421776966330865
"RPS6KA1"	0.257876393739382	-0.238208681529412	2.082177478811	0.0422327877121865
"PHGDH"	-0.439945937366795	0.420496876078431	-2.0803538300423	0.0424065022912916
"ABCC9"	-0.874508273256757	-0.0864960388627451	-2.08026076548376	0.0424153839555772
"C7ORF28A"	0.31263289865444	0.280066581411765	2.07866904769836	0.0425675411473849
"METT11D1"	-0.322737539505792	0.179374809960784	-2.07711584988298	0.0427164736569137
"LIN37"	-0.313275837554054	0.0330375163137255	-2.07646969667691	0.0427785651585455
"TGS1"	0.475684951872587	0.264835715137255	2.07337185500001	0.0430773409704189
"GLOD4"	0.427812964536679	0.293105256901961	2.07118860587276	0.043288996015023
"FHL5"	0.274655923550193	-0.0761563299019608	2.07036685969172	0.043368894022472
"GNAT1"	0.189169797554054	-0.0218764880196078	2.06913487740206	0.043488919220781
"KIAA0133"	0.273563157598456	0.33246678772549	2.06891396855181	0.043510471639711
"HCG_40738"	0.332955989237452	0.40233829072549	2.06867189427382	0.0435340996687244
"SEMA3C"	-0.51701803134749	-0.518053093490196	-2.06851989538708	0.0435489414498079
"HSF2BP"	-0.351080486685328	0.220965037196078	-2.06684620171784	0.0437126585971302
"CSNK1G2"	0.207850795816602	-0.070766496254902	2.06594863498645	0.0438006767428573
"MAP2K2"	0.253171034050193	-0.0190426567058823	2.06496376362782	0.0438974333653783
"CLDN10"	-0.984881540073359	-0.457940632235294	-2.06477121016418	0.0439163720592186
"KIAA1614"	0.274612842108108	-0.0471491626666667	2.06460717899513	0.0439325110259614
"MRPL3"	0.23323930007529	0.213000964098039	2.06267017508169	0.0441234820686393
"GRIN2D"	0.191251558177606	-0.0770394691568627	2.06195509431654	0.0441941645244921
"GFRA1"	0.995582544704633	0.0662002582156863	2.06103490694779	0.04428526547575
"MAP4K3"	0.318313924173745	0.28298055345098	2.06099694124392	0.0442890276793308
"CADM4"	0.369104795013513	0.366058113392157	2.05925104198816	0.044462337258118
"ARL4C"	0.614682015727799	0.177295050098039	2.05905768938613	0.0444815668849616
"ATAD2B"	0.334489916677606	0.27401040754902	2.05895741286056	0.0444915425964687
"RMND5B"	0.281732406781853	0.0494109451764706	2.05880588085848	0.0445066209909117
"TRIM45"	-0.293993557801158	0.296739442823529	-2.05869020007862	0.0445181349469675
"FGF2"	-0.345924485542471	-0.0400512149411765	-2.05858731877638	0.0445283771156656
"POLS"	-0.304403504258687	-0.0239443002941176	-2.05796764097421	0.0445901113295126
"FZD5"	-0.585609653222008	0.282190608784314	-2.05642922207327	0.044743694581777
"GOLGA7"	0.410129994486487	0.184312652882353	2.05620125002192	0.0447664924679227
"NDRG1"	-0.597400225349421	-0.602817635588235	-2.05607676563905	0.044778945532274
"GLRX"	-0.341975755023166	-0.491513224862745	-2.05547215230048	0.0448394720980303
"ZNF669"	0.26259675253861	0.41812818572549	2.0538251080763	0.0450047144179384
"FLJ22167"	-0.356603692256757	0.221870063117647	-2.05281167371651	0.0451066511310576
"SHC3"	-0.368489738140927	-0.0715364909803922	-2.05220356592849	0.0451679139946515
"SLC25A32"	0.368543604428571	-0.237200601411765	2.05149459254093	0.0452394295068401
"PRUNE"	0.212855920436294	0.392394372117647	2.05132371887768	0.0452566805416221
"TRIM21"	-0.386684838083012	-0.421225763784314	-2.05101241005621	0.0452881242705772
"DPP4"	-0.639716884826255	-0.457454681078431	-2.05028492823252	0.0453616774029908
"PCYOX1"	0.466680013063707	0.406785961745098	2.04919692920885	0.0454718744627776
"CDK5RAP2"	-0.26237798496332	0.129615914686275	-2.04589046972914	0.0458081920334059
"RND1"	0.334348893415058	0.0897690186862745	2.04314292783162	0.046089297035188
"ACTA1"	0.439951525397683	-0.103385272568627	2.04194992198545	0.0462118198068405
"CLP1"	0.269140592552124	0.22082968245098	2.04156299702675	0.0462516178957752
"PGC"	0.402834367944016	-0.071173373372549	2.03728950208553	0.0466931568499466
"C17ORF60"	-0.369315046287645	-0.70051875472549	-2.03701968782479	0.0467211562269163
"MTO1"	-0.366347474598455	0.229589962607843	-2.03652088885542	0.0467729562603073
"NOL8"	-0.30218636738417	-0.0326125044313725	-2.03641821794644	0.046783624752846
"KLK6"	-0.892707516509652	-0.708432711235294	-2.03531911992681	0.0468979636232166
"PAPOLG"	0.328272541399614	0.296728932215686	2.03436816170068	0.0469970866457361
"ATP6V0A4"	0.436362283276062	-0.0802787840980392	2.03349166007542	0.0470886092227555
"RDH5"	-0.501772786484556	-0.196096471960784	-2.03323990586172	0.0471149253994397
"EIF3K"	-0.378328791212355	0.147993655490196	-2.03107195724172	0.0473420708771448
"ZNF783"	-0.245683823857143	0.00553282768627451	-2.02912922727074	0.0475464234689343
"GABRQ"	0.321883524631274	0.0947951655294118	2.02789485800986	0.0476766607632473
"THRAP3"	0.282358697602317	0.128032263254902	2.02748944186188	0.0477195031404624
"B3GNT4"	0.256261211891892	0.0267702821372549	2.02744990874508	0.047723682585992
"GNG5"	-0.326947755065637	0.0138876812156863	-2.02672958288792	0.047799890963622
"C9ORF39"	-0.612989881378379	0.359718237235294	-2.02530226292816	0.0479512081264649
"LOC93349"	-0.465749326040541	-0.271663228627451	-2.02498076933467	0.0479853483207592
"ZNF34"	-0.337763597086873	-0.0538278300784314	-2.02466949525192	0.0480184232998444
"FEZF2"	0.18825108415444	-0.0974389740980392	2.02164776000613	0.0483405286722435
"KRT86"	0.465424565241313	0.0111447021176471	2.01955505028689	0.0485646962833062
"SNCA"	-0.507641412569498	0.185186039156863	-2.01721190686773	0.0488167550903356
"GART"	0.309936240882239	0.172805183901961	2.01621291888988	0.0489245622293271
"DGCR8"	-0.257526426899614	0.0488776008039216	-2.01603892045915	0.0489433605139207
"ATF4"	-0.263947525799228	-0.0559390350392157	-2.01528992140232	0.0490243514227252
"KLHDC3"	0.305304409129344	0.422517296	2.01405948485891	0.0491576524293142
"NPHP4"	-0.266635330445946	0.110139813666667	-2.01394580284596	0.049169984100382
"ZBTB20"	-0.46014265884556	-0.264892711352941	-2.01318286801302	0.0492528126792451
"NPHS1"	0.404157777162162	0.157174782	2.01194794360265	0.0493871384163469
"GABRA6"	0.18824565530695	-0.0808961234509804	2.01134710926555	0.0494526068955708
"KCNAB3"	0.181810191492278	0.0136779808823529	2.01127669614406	0.0494602841942614
"SCN11A"	-0.226258024648649	0.155895872666667	-2.01059086788581	0.0495351153855776
"DCTN3"	-0.351953286766409	0.252864620098039	-2.00996528076074	0.0496034588103012
"PRELP"	-0.727521742944015	-0.14719231427451	-2.00943980479198	0.0496609282667847
"GRAMD3"	0.491013721428572	-0.574545549607843	2.00864233129831	0.0497482548841444
"PSORS1C2"	0.293910393743243	-0.00572073968627451	2.00817265503521	0.0497997483264241
"DCUN1D4"	-0.322285015138996	0.044136980254902	-2.00720085741856	0.0499064383728222
