"logFC"	"AveExpr"	"t"	"P.Value"
"TRAM1"	-0.424911071768694	0.141010189842105	-3.96205348370516	0.000164057905600858
"GBL"	0.549848436118644	0.0480566782236842	3.82737987080343	0.000260938325921005
"PQBP1"	0.587459727209372	0.108405583381579	3.79668049799027	0.000289678651258859
"OGFRL1"	-0.506172735060817	0.282878036605263	-3.72577261135142	0.000368054900245905
"HDAC6"	0.460161159665005	0.0146176975789474	3.70840998247486	0.00039012300455058
"BAIAP2"	-0.382783349634098	-0.0568483969078947	-3.68822445256158	0.000417363411158121
"VCPIP1"	-0.548202709523429	0.182202694	-3.68606000864616	0.000420389531532248
"ATP8A1"	-0.609287218210369	0.158732123644737	-3.59409843083526	0.0005700869661443
"MTAP"	-0.358236251160518	0.154677620078947	-3.52144860119262	0.000722813129321479
"TM4SF1"	-0.859620565197407	0.301773271013158	-3.49219169575442	0.000794655026575818
"PNMT"	0.607418064336989	-0.122138945921053	3.47806173439141	0.000831723247183656
"CLCC1"	-0.488556705566301	0.143178820407895	-3.4381298923425	0.000945517099041405
"LIN7A"	0.409263495761715	-0.0590067006973684	3.40303712154072	0.00105751089457174
"ADAM2"	0.217029317448654	-0.00475735285526316	3.35611454223474	0.00122689377542546
"PAPSS2"	-0.543962441704885	0.000858058552631583	-3.35036757909205	0.00124931318784144
"TIMM17B"	0.638782109375872	0.200634004105263	3.33501256863922	0.0013111206083862
"MPZ"	0.394464137068794	0.0445852188947368	3.32322084506129	0.00136052551100574
"PRAF2"	0.552604089629113	0.0258309106578947	3.31085429169642	0.00141421606405042
"ENO3"	0.295656783018943	-0.177793281157895	3.29347585540685	0.00149303881787004
"MAPK10"	0.38294318729312	-0.0733187183552632	3.29239274803742	0.00149808556095078
"SH2B1"	0.315659888266201	-0.127814264776316	3.28435227059535	0.00153605412784873
"RRS1"	-0.477626683654038	-0.0719018758289474	-3.277503531136	0.0015691057174097
"ST6GALNAC2"	-0.982234219404786	-0.22284971675	-3.27697561570652	0.00157168091943907
"ZC3HAV1"	-0.517030336025922	0.144586243552632	-3.26971725029207	0.00160749222561786
"LMO4"	-0.422285481934197	0.0819698945263158	-3.26753933868678	0.00161838603864227
"VPS72"	0.428382976264208	0.188172176407895	3.24753428707641	0.00172174115100648
"RCL1"	-0.504592171984047	0.216215219473684	-3.21894363056327	0.00188023424879337
"GABARAP"	0.394232418190429	0.100573281565789	3.21685681927024	0.00189232197195654
"BAZ1A"	-0.439876978730807	0.24219701925	-3.21285447538854	0.00191570913647855
"UXT"	0.480831701554337	0.110719295592105	3.21008516972134	0.0019320492804991
"SUV39H1"	0.465437045636092	0.210855138407895	3.20750940590471	0.00194736444933121
"MBNL1"	-0.341474609759721	0.0926537919078947	-3.20208214565726	0.00198000690421699
"SERPINB10"	-0.251566799018943	-0.0248454195789474	-3.20049856812104	0.00198962744324706
"CDCP1"	-0.68154772140977	0.206379680763158	-3.19891255395927	0.00199930660616622
"FAM50B"	-0.742046721861416	0.0887454523552632	-3.19613165591293	0.00201638434534924
"CALR"	-0.334784656060818	0.00934923175	-3.19115166508439	0.00204730835071102
"ZNF174"	0.296225079626122	-0.0297344974342105	3.19027615153352	0.0020527906174194
"MYL6B"	0.441936735212363	-0.0656092525526316	3.18991705019201	0.00205504319616486
"IQCC"	0.363648171016949	0.131001126026316	3.18277754482531	0.00210031068485177
"NAP1L4"	0.321130729211366	-0.0092018475131579	3.17684800717085	0.00213861331112033
"GNPDA1"	0.428717380844467	0.279692498381579	3.17498925725362	0.002150753918166
"LUC7L"	0.440738670007976	-0.1237908495	3.17033492844878	0.00218143727641957
"SETDB1"	0.388862629822532	0.0552681904736842	3.16286351310792	0.0022315486599787
"CCDC28B"	0.413161058892323	0.139384642092105	3.15874390547583	0.00225963706023004
"RRBP1"	-0.463021801107677	-0.204751462223684	-3.14519722558439	0.0023543464980289
"TPD52"	-0.389238903149551	0.191650823039474	-3.13067133301592	0.00246001043235606
"ATP1A2"	1.09451449682851	-0.535724291460526	3.12308162592121	0.00251696294541642
"PDE11A"	0.603188518654038	-0.000347217236842106	3.1210122770663	0.00253270312585766
"FGF17"	0.417739517676969	-0.155380985342105	3.11741236631541	0.00256030417573376
"AKR1C4"	0.762700543600199	0.0169995255394737	3.1118813155772	0.00260325842454234
"RAD51L1"	0.265846194824526	0.0360732340921053	3.09023101159741	0.00277793690976825
"GBP2"	-0.910560510863409	0.540565705736842	-3.08336873925625	0.00283554166269124
"SOX3"	0.386262995374875	-0.188429372434211	3.07720121536317	0.00288826114135443
"ZNF85"	0.487604602536391	0.0261803317368421	3.07337267413672	0.00292144449319209
"NDUFB11"	0.473563393161516	0.116912796513158	3.06395043775699	0.00300462687100928
"FLJ13195"	0.435850623661017	0.071555451	3.06207577339541	0.00302143748894708
"MYST1"	0.324602039047856	0.0186750701447368	3.05144352800104	0.00311844573673736
"CD47"	-0.411114941618145	0.299747275407895	-3.03959430313863	0.00322996391095149
"UNKL"	0.452567217420737	-0.189981587328947	3.03928486997313	0.00323292514781202
"WWP1"	-0.461390415179461	0.0170154525921053	-3.03360547766243	0.00328772606881678
"TCEA2"	0.544599801622133	-0.154361177355263	3.03016678815797	0.00332132420447971
"HAGH"	0.358823052532403	0.0515542108684211	3.02304028847869	0.00339197176273972
"HOXA7"	0.674739883108673	-0.119308274868421	3.02197596762978	0.00340264167410704
"RAP2B"	-0.344968314103689	0.289851434342105	-3.00425896721409	0.00358489341051905
"HEXIM1"	-0.405146348482552	-0.0316778416842105	-3.00417044548315	0.00358582632795142
"TAGLN3"	0.352458223297108	-0.0951528059342105	2.97469525461742	0.00390928366127679
"PPP4R1"	0.383450236604187	0.149673402552632	2.97188871396906	0.00394145121461518
"CASP7"	-0.394260147258225	0.149209286947368	-2.96654794142152	0.00400334300084107
"TMF1"	-0.361162672596211	0.102028028657895	-2.95541235273504	0.0041352912535215
"WDR45"	0.50763482444666	0.154000015789474	2.91146886695289	0.00469620921009786
"NCOA2"	-0.36355890920339	0.043062222618421	-2.90422816238965	0.00479510694999859
"CYB5R2"	-0.70732558498006	0.00529303156578948	-2.90382439704332	0.00480067796593645
"NOL7"	-0.272154577514456	0.122342285407895	-2.90158579614218	0.00483167387636275
"DNASE1L2"	0.546335919622133	-0.129010214171053	2.8987344604471	0.00487142105384353
"ST8SIA3"	0.402523538668993	-0.0719894126447368	2.89407660349555	0.00493699997840196
"CX3CL1"	-0.411484838837487	0.00259705834210527	-2.89290956240424	0.00495355801659266
"SLC24A3"	-0.54759399789332	-0.0852345858026316	-2.88772247171895	0.00502777398441552
"TLE1"	-0.395418288287139	-0.0107398224736842	-2.88424905745197	0.00507804240012185
"CD83"	-0.363447919491525	0.285518285552632	-2.88095116233967	0.00512619885050465
"KIAA0226"	-0.367397569474576	0.0563898321973684	-2.8793785956567	0.00514930958113334
"SCRG1"	0.480908160118644	-0.215212702986842	2.86488993763082	0.00536679800375029
"CDH1"	-0.468629125896311	0.0282655036052632	-2.86358748796497	0.00538675757892455
"NUBP2"	0.370992944422732	-0.00208361342105263	2.86232265059356	0.00540620612973667
"TOMM70A"	-0.299018760087736	0.220967705157895	-2.8554987648497	0.0055122517719335
"COPG"	-0.400473958005982	0.145253554578947	-2.85474181414093	0.00552413223299024
"CDKL3"	0.453088481299103	0.0150290556447368	2.84961521896098	0.00560521697929439
"UGT2B15"	0.823734586505483	-0.0506245684868421	2.84951365813874	0.00560683431614337
"ARAF"	0.469415029444666	0.252663971355263	2.8395881227694	0.00576698298423635
"CACNB4"	0.570816344617148	-0.0200424210394737	2.83812117117794	0.00579100575477482
"COPB2"	-0.310548544982054	0.12887831475	-2.82832622721795	0.00595377926794767
"NR3C1"	-0.437805908916251	0.280588322934211	-2.82100478678463	0.00607818108653601
"TMEM30A"	-0.424637424248255	0.192959181539474	-2.81642991454857	0.00615712174489682
"TATDN2"	-0.362045880926221	0.0131158771710526	-2.80581822620172	0.00634386555977929
"IQSEC3"	-0.235903185724826	-0.146741304605263	-2.80176290174886	0.00641659287229617
"CORO2A"	-0.488186507986042	0.0314299997105263	-2.7940564037913	0.00655691078827704
"KIAA0020"	-0.47106043467996	0.255204968473684	-2.79224671723005	0.00659026637276592
"GPKOW"	0.508934643565304	0.200975192684211	2.78915726379403	0.00664756984771227
"NTHL1"	0.392387606763709	0.0451089291578947	2.78854304070168	0.00665901679335409
"COL9A3"	0.802931843781654	-0.489004130434211	2.7871867213812	0.00668435780143124
"SFRS14"	0.360907689325025	-0.0541037621184211	2.7805494880425	0.00680964465757764
"SNX16"	-0.425351087511465	0.228780672657895	-2.77566454974519	0.00690322475609574
"GALR2"	0.166682453788634	-0.111740221763158	2.76853318574617	0.00704195501160713
"SLMO1"	0.331731957892323	0.0573077789210526	2.76773607271966	0.00705761922502619
"CDC37L1"	-0.405480725902293	0.269013095315789	-2.76717753723054	0.0070686141038077
"EBP"	0.44926567010668	0.321510974039474	2.75902661925509	0.00723086026948975
"STARD3"	0.356954294869392	0.00974528218421052	2.75816020408089	0.00724830532715831
"SULF1"	-1.18399270306381	0.320596734539474	-2.75266899549399	0.00735976766443492
"WDR13"	0.519305002036889	0.0386631360131579	2.74795064874492	0.00745679189406878
"MBD3"	0.290906326503489	-0.0582155149342105	2.74036573212775	0.00761521520379291
"LGALS3BP"	-0.469750181118644	0.107618063710526	-2.73546368068265	0.00771923246178738
"EDG7"	-0.811523443758723	0.383557516447368	-2.72761806950417	0.00788841315994837
"KCNIP2"	0.163062891926221	-0.109155395973684	2.72664454238951	0.00790964051028333
"C6ORF47"	-0.26406527628315	-0.0551990691578947	-2.71847360443692	0.00808987068637618
"KLF3"	-0.284478254079761	0.0514702678157895	-2.7152956013196	0.00816097589924894
"SHC2"	0.429692504099701	-0.251016956315789	2.71402508923569	0.00818956176362667
"GCHFR"	0.464614717022931	0.0691719524473684	2.71298480974177	0.0082130354982907
"FAM105A"	-0.530795864945164	0.530328453473684	-2.70779765025411	0.00833100150608715
"LRRFIP2"	-0.378590967335992	-0.0225583406578947	-2.70372896703315	0.0084246102697962
"ZDHHC17"	0.305238816451645	-0.00858475506578948	2.70230514180484	0.00845759425641483
"PRSS16"	-0.552624914464606	0.102833005578947	-2.70114806013209	0.00848448558820174
"PSG11"	0.130686065075773	0.000420456276315789	2.69717519752075	0.00857741177669292
"PDIA5"	-0.487950485391824	0.00756504852631579	-2.69599858186686	0.00860511058104632
"NDUFB3"	0.369225518897308	0.139207228921053	2.69451192584177	0.00864022461781148
"AKR7A3"	0.29284044533998	0.0306823353684211	2.69176002957484	0.00870556766578929
"VPS24"	-0.248331473672981	0.0490244734473684	-2.68995773529486	0.0087486063012536
"ZNF771"	0.289055600645065	0.0165172540657895	2.68407965169546	0.00889032471414032
"CXCL11"	-1.00486278201495	1.40439090269737	-2.67701246906318	0.00906347764720784
"TNIK"	-0.632974649470588	0.22569789125	-2.67414384893095	0.00913463326041206
"GOLPH3"	-0.298911659678963	0.00837455018421052	-2.67009401724991	0.00923595413816121
"NPAL2"	-0.458333754364905	0.113173466421053	-2.669422629378	0.00925284973841332
"FLNC"	0.501975518579262	-0.418142027355263	2.66858969968265	0.00927384964377662
"RRAGA"	-0.358175375547358	0.142289160026316	-2.66613673391893	0.0093359461377218
"MRPL28"	0.380129631632104	0.0180523573289474	2.65738021320514	0.00956071284962432
"ABLIM1"	-0.495469288572283	-0.281040859552632	-2.65674007261543	0.00957733568350963
"C17ORF81"	0.794924651747757	0.230026426171053	2.65483022943638	0.00962708570117991
"GALNT3"	-0.588478954884347	0.109909454802632	-2.65432656948672	0.00964024475174897
"MRPL42"	0.45402317540678	0.221090449144737	2.65416901876402	0.00964436441172571
"ASCL3"	0.316563774894317	-0.0163314953552632	2.65268639239023	0.00968321078760403
"SCNM1"	0.3923687738335	0.222103282223684	2.64978433212272	0.0097596596106604
"UBE3C"	-0.388111872983051	0.209062390078947	-2.64663264635339	0.00984330507682043
"PAOX"	-0.339543756303091	0.070634432	-2.64557432631727	0.0098715385027945
"CDKL2"	0.732370074977069	0.180262849763158	2.64444067743424	0.00990186309306007
"FOXJ2"	-0.311800406743769	-0.0942073403157895	-2.64388146882587	0.00991685280516498
"KCNQ1"	0.375151930908275	-0.109994067592105	2.64335892510332	0.00993087832851809
"SNRPN"	0.678269968485543	-0.428847923355263	2.64084204615137	0.00999868618732206
"COL4A6"	0.369635229974077	-0.297084392315789	2.63659567185561	0.0101140422968036
"CLINT1"	-0.365617660444666	0.0327573971842105	-2.63450528405532	0.0101712718925496
"AGPS"	-0.451462135916251	0.278707999578947	-2.63231124676576	0.0102316551248853
"ACBD3"	-0.271570345675972	0.0374723230657895	-2.6285428279993	0.0103361273161756
"IDUA"	0.288140831355932	-0.0978839329736842	2.6264814237165	0.0103936843908608
"ANGPTL7"	0.17834470802991	-0.0673405713421053	2.62382798752596	0.010468199674557
"SILV"	0.231534942270189	-0.0153608043815789	2.62363966780317	0.0104735065429358
"RBM35A"	-0.640577205113659	0.163143662118421	-2.62271844461645	0.0104995018796043
"RAB3D"	-0.33584364025324	-0.0667624923947368	-2.61785606958374	0.010637681656828
"C1ORF41"	0.403353233062812	0.265515321026316	2.61644279340715	0.010678152456702
"RIPK2"	-0.503303295972083	0.240916768263158	-2.60855751882391	0.0109065289116906
"DDX58"	-0.746746621121634	0.527533712065789	-2.60179172513664	0.0111059999043824
"FAM5B"	0.374480939024925	-0.120220069763158	2.59839475711876	0.0112073908505476
"ZDHHC3"	-0.290256200127617	-0.0213236617894737	-2.59587972626627	0.0112829972779643
"CYTL1"	0.646086859611166	-0.277370340605263	2.58643223315749	0.011571147945419
"ZNF32"	0.357764046761715	0.100588990710526	2.58567355480154	0.0115945741017285
"TXNDC5"	-0.37502375537986	0.134313010552632	-2.57786768952674	0.0118381033641382
"BLCAP"	-0.326588614347956	-0.164268644960526	-2.57538810357666	0.0119164242809244
"NMD3"	-0.363773436070787	0.424193606565789	-2.57519372234712	0.0119225838149849
"SERPINB1"	-0.561485428617148	0.303197191618421	-2.56894824815004	0.0121220277328383
"NOL4"	0.326441713890329	-0.0614366508947368	2.56664574456255	0.0121963133766779
"STAT1"	-0.54599125821635	0.709290072197368	-2.56627898225583	0.0122081841174827
"SPOCK3"	0.517638998591226	0.00276239738157895	2.56548873799569	0.0122337968790572
"ASB9"	0.569128105378863	0.144819674855263	2.56545329787492	0.0122349466720377
"CIB2"	0.430946060073778	-0.103741551552632	2.56162397608917	0.0123597588659931
"ZNF43"	0.507207180218345	-0.0404998733026316	2.55953233195807	0.012428417950267
"PNMA2"	0.414108925510468	-0.252267130671053	2.55817402920607	0.0124731890177846
"ICK"	-0.38601284448654	0.137037408526316	-2.55679121996608	0.0125189173483342
"POLR3K"	0.371380151559322	0.201257513447368	2.5530258139559	0.0126442041536178
"MBD2"	-0.212730589800598	0.0734547652368421	-2.55241180910295	0.0126647409666343
"GOLGA2"	-0.339799160363908	-0.190046787618421	-2.54907886399734	0.0127767450456826
"HOXA9"	1.01553160311665	-0.0328679369736842	2.54603526921752	0.0128798052252557
"TMEM59L"	0.593374245117646	-0.364515816434211	2.54277193214558	0.0129911385634169
"ARNT"	0.258401203984048	0.0260813982105263	2.54272086533585	0.0129928876545505
"LRRC20"	0.350935126856431	0.0270906758815789	2.54199459882055	0.0130177860298362
"PRNP"	-0.415434256858424	-0.0387356546184211	-2.53808492746315	0.0131525607234847
"ZNF639"	-0.301369780580259	0.291545635605263	-2.53099545648773	0.0134001617128455
"VPS53"	0.342678102743769	0.0635406533684211	2.52741293191371	0.0135268724265328
"MPDU1"	0.333715760905284	0.192933493789474	2.52367914144923	0.0136600807927577
"GLTP"	0.443182978341974	-0.142992920065789	2.52336631203997	0.0136712948844446
"KIAA0574"	0.441450817673978	-0.53379144056579	2.52244722621398	0.0137042896031812
"LCAT"	0.315843846833499	-0.214224809657895	2.5136836635776	0.014022516329115
"GALNT12"	-0.485404953015952	-0.189605586802632	-2.51306978723326	0.0140450549440437
"TERF1"	-0.335266659394816	0.0350362399605263	-2.51250852341008	0.0140656903952396
"LCMT1"	0.301544928547358	-0.00584128685526315	2.51153620364822	0.0141015033126207
"STXBP3"	-0.299529062983051	0.145726033	-2.51153236118035	0.0141016450026974
"ALDH1A1"	-0.682058234784646	0.103166680592105	-2.51131639588196	0.0141096107302531
"MFAP4"	0.55782965301994	-0.439145869828947	2.50946547958508	0.0141780466523288
"PRKAB1"	0.317773919265204	0.00429643169736842	2.5093789626073	0.0141812528295543
"ESRRA"	-0.260417902227318	0.0300928251842105	-2.50708045902784	0.0142666707548651
"EIF2S2"	-0.254052971787637	0.111283806302632	-2.50257734543041	0.0144353596635525
"LY6G6C"	-0.697408717615154	-0.0420404932105263	-2.500512129972	0.0145133217362442
"SMR3A"	0.161979284150548	-0.0381363976184211	2.49789182900227	0.0146127829639916
"SHBG"	0.265856115736789	-0.0996141783157895	2.49257152379529	0.014816617394714
"ZNF200"	0.287100026517448	0.0930524361973684	2.49225467154744	0.0148288370145671
"PLA2G7"	-0.592136468537387	0.250097927460526	-2.49223050064371	0.0148297695532387
"KCTD17"	0.262381554916251	-0.0571064910657895	2.48825970408837	0.014983684076955
"CITED2"	-0.427054027015952	0.190849675013158	-2.48579253058378	0.0150800367922234
"C1ORF114"	0.583432972873379	-0.423485985	2.48052830304073	0.0152874873810182
"RIPK1"	-0.288653372527417	0.110812862013158	-2.47778619938534	0.0153965585195025
"TCF20"	-0.328701213078764	-0.0210729619736842	-2.47430119307712	0.0155361870718752
"KCTD12"	-0.650110339413759	0.0453015712105263	-2.47337450108844	0.01557350613473
"C1S"	-0.697346307556331	0.277821649934211	-2.46922840344695	0.0157414612384538
"HOXD1"	-0.798089174007975	0.561118209131579	-2.4671245010223	0.0158273083185247
"ZNF81"	0.337474752184447	0.0129124765657895	2.46680024497536	0.0158405764415872
"CLN3"	0.291297001536391	0.0951312099868421	2.46604946405328	0.0158713356715925
"VPS37C"	-0.24724744177667	-0.0700863993947368	-2.46343929479213	0.0159786904696216
"ZNF430"	0.455662299047856	0.0376794099342105	2.4631061736573	0.0159924382833022
"LOC730092"	0.313404397643071	-0.0592962392631579	2.46186673876418	0.0160436825518908
"LMAN1"	-0.362652050504486	0.181347992421053	-2.45896161993317	0.0161643713981752
"ACAD10"	0.23675071986341	-0.114302530881579	2.45858469061038	0.0161800898371953
"NDUFA13"	0.326907912674975	0.0565409660394737	2.45748940946866	0.0162258422118448
"CCBL1"	0.232383432084746	-0.0750415085394737	2.45745349835554	0.016227344260738
"PANK2"	-0.302846427402792	0.0228839719078947	-2.45230439258642	0.0164440088515889
"DNAJC17"	0.296902537165503	0.0393062179342105	2.45224544745038	0.0164465040775168
"CLIC5"	-0.583331673139581	-0.0711083191710526	-2.4454291134132	0.0167373451400466
"XCR1"	-0.275559459566301	0.0472151862236842	-2.44332155053219	0.016828198242571
"KIAA0143"	-0.429253322714855	0.133146537460526	-2.44216179138189	0.0168783813063349
"NDUFS7"	0.384271805500498	0.130100725881579	2.44112418896995	0.0169233920588385
"SALL1"	0.712111407318045	-0.206150177894737	2.44055049181404	0.0169483248742868
"APOM"	0.377722498542373	-0.0363338776578947	2.43940248473822	0.0169983158313274
"NME7"	0.344383113599202	0.0371970955789474	2.43891757623212	0.0170194711847825
"TFE3"	0.292676652250249	-0.021636696881579	2.43688549784824	0.0171083820864568
"KCNAB3"	0.183466441094716	-0.0576189972368421	2.4346425613912	0.0172070009058437
"STX2"	0.296053396006979	-0.0831373306710526	2.42922006364437	0.0174475236649954
"FHL2"	-0.625307061202393	0.0884523997631579	-2.42819156876494	0.0174934816247516
"LSM4"	0.314444524228315	0.131253677986842	2.42741078578485	0.0175284428694571
"CLUL1"	0.562523052189431	-0.122807409710526	2.42739629705786	0.0175290922231962
"SERPINB8"	-0.417710648545363	0.30254778525	-2.42479061645977	0.0176462234206285
"C6ORF64"	-0.296246468940179	0.0754901153552632	-2.42223136297613	0.0177619478394782
"MYH4"	0.113714614177468	-0.0621551554210526	2.42077679089784	0.0178280224610294
"EFNB3"	0.316742009315055	-0.163920123197368	2.42075036643721	0.0178292248323121
"KCND1"	0.348581204876371	-0.0335702416710526	2.42007312315948	0.0178600656226471
"DARS"	-0.281439305092722	0.0555414252631579	-2.41923696959143	0.0178982087066238
"CTSZ"	-0.295150854736789	0.21883289875	-2.41871653766201	0.0179219861318671
"PIP5K1A"	0.31666546255334	0.0456844051447368	2.41746958596188	0.0179790714982435
"PARP6"	0.266997736115653	0.0107552750526316	2.41528653396968	0.0180794025185588
"FZD4"	-0.534844226734795	-0.0411624901710526	-2.41416239441938	0.0181312616381443
"NAGLU"	0.274237571891326	-0.0717428263026316	2.41383446723751	0.0181464146645508
"GNL3"	-0.355315200194417	0.0844038990921053	-2.41355407452493	0.0181593801583958
"PYGO1"	0.445707102327018	-0.230195319605263	2.41043116040855	0.0183043451221275
"METT11D1"	0.302262866832503	0.0668356206710526	2.40210510875668	0.0186958981794216
"CASQ1"	0.338062523187438	-0.120229095697368	2.40135586720827	0.0187314968273006
"FTSJ1"	0.359934263134596	0.208361224473684	2.40026177350278	0.018783588985387
"PACRG"	0.430093675841475	-0.212292574802632	2.39831821976666	0.0188764443822824
"KLF5"	-0.377669821482552	-0.168821357434211	-2.39586237682083	0.0189943600704232
"CLCA4"	0.117857092895314	-0.112430989763158	2.39299171747852	0.0191330247988468
"SYT11"	0.455042520306082	0.0385091934868421	2.39253058522241	0.0191553832917804
"CDC42EP2"	-0.259679329121635	-0.13738180025	-2.39210283908027	0.0191761438344301
"PADI3"	0.327555209258225	-0.167562082342105	2.39050502117812	0.0192538709216863
"PRPF19"	-0.332951084091725	-0.0158411194736842	-2.38644066237118	0.0194528512834673
"ALS2CL"	-0.291108797032901	-0.189666000526316	-2.38599339313641	0.0194748598945805
"PLEKHA6"	-0.35685015319342	-0.00344357577631579	-2.38546874851366	0.0195007041474504
"CCL27"	0.134223419185444	-0.0725433025131579	2.38308856751452	0.0196183370298175
"PFKFB3"	-0.477412291011964	0.0578470110131579	-2.38042501312104	0.0197507234771924
"TBC1D2"	-0.360975625415753	-0.153992860315789	-2.37999397039081	0.0197722221612143
"CLCN5"	0.522462621939182	0.156921687355263	2.37964028755083	0.0197898779993087
"BRDT"	0.315804193803589	-0.0787840508552632	2.37830737759128	0.0198565429941067
"USP11"	0.383291861982054	-0.0100901223157895	2.37719330320353	0.0199124162715378
"LSR"	-0.438772930001994	-0.0610235572105263	-2.37665684663177	0.0199393706192664
"DSP"	-0.367817477195414	0.03549952025	-2.37369804099703	0.0200886204784744
"FLRT1"	0.367533638334995	-0.0893233591315789	2.37082112060584	0.0202346919990742
"ZNF654"	-0.377320002549352	0.143196548486842	-2.37021386023741	0.0202656452562986
"TNP2"	0.0988195380947158	-0.00959999490789474	2.37016631225917	0.020268070647236
"SMPX"	-0.641781930382851	0.00767714313157895	-2.36958094368443	0.0202979510709716
"CCDC22"	0.408699839215354	0.17785116525	2.36885350166903	0.0203351382913792
"VPS26A"	0.293107167226321	0.232819576368421	2.36853145720776	0.0203516207137026
"IER2"	-0.480770121081755	-0.15594292025	-2.36823723509056	0.0203666895560652
"INHBB"	-0.75515392139681	-0.204173579513158	-2.36822158933784	0.0203674911446878
"UBXD2"	-0.265014692987039	0.0802284200789474	-2.36513284268727	0.0205262893361141
"EDEM1"	-0.221919408588235	0.112519053289474	-2.36394897868569	0.0205874451569862
"KDELR3"	-0.463584251561316	-0.0871967375263158	-2.36088417905061	0.0207465190037443
"SLC1A1"	-0.429183325322034	-0.0166677509736842	-2.35978746612164	0.0208037070604523
"GBE1"	-0.310681273113659	0.0073129892236842	-2.35922249664064	0.0208332220049423
"TNFRSF21"	-0.492268016463609	0.135756928539474	-2.35823036311242	0.0208851427560357
"PHF16"	0.335282077592223	0.0754882633552632	2.35475422755178	0.0210679655363859
"NUDT13"	0.344719563035892	-0.101458612960526	2.35118237463079	0.0212573017640804
"ICAM1"	-0.59304128264307	0.360659572407895	-2.34956191749197	0.0213436957901802
"HAVCR1"	0.155334026575274	-0.0345148113552632	2.34897404122815	0.021375115150848
"ZC3H7B"	-0.311213082581256	-0.143767750513158	-2.34679212075483	0.0214920883464991
"RP13-122B23.3"	0.383944792510468	0.0713489200526316	2.34618339415731	0.0215248235046882
"NELF"	0.35476129978664	-0.207197117342105	2.34322255648494	0.0216846787377488
"ARFGEF1"	-0.295443818011964	-0.00409892476315789	-2.34299503113595	0.0216970062740284
"FOSL2"	-0.302079896460618	-0.0293370853421053	-2.33893185562458	0.0219182023524691
"INE1"	0.38623186615653	-0.143518589565789	2.3376786452273	0.0219868285601099
"LTA4H"	0.379509881008973	-0.0688653049473684	2.33634035729732	0.0220603239765117
"SPSB3"	0.279195593876371	0.0152849547105263	2.33614847737749	0.0220708793774379
"ZNF45"	-0.347330979542373	0.120440745592105	-2.33566404304089	0.022097548257203
"DAG1"	-0.245126831909272	-0.0394244116710526	-2.33488147985732	0.0221406899669017
"TCF7L1"	0.577336455046859	-0.574162591421053	2.33487925690212	0.0221408126218765
"SEC23B"	-0.276977526651047	0.118477176092105	-2.33295898225076	0.0222469920331914
"ACTR6"	0.319558625829512	0.314229769223684	2.33294506715513	0.0222477630971453
"NDUFV2"	0.303169868545364	0.153808920802632	2.33218564319343	0.0222898802780087
"C5ORF3"	-0.247413820291126	0.126496072578947	-2.32817057886261	0.0225137299274096
"TARS2"	0.361182406663011	0.127515435592105	2.32714753445926	0.0225710846492433
"PMPCA"	0.342750948026919	0.0749698950131579	2.3233665566954	0.022784181725883
"MTDH"	-0.33537926575673	0.0993112767631579	-2.32285205717985	0.0228133163922433
"KCNS1"	-0.642832960073778	0.101205398605263	-2.32193515593548	0.0228653197465452
"TAC1"	0.93984742036989	-0.0624982397763158	2.32145911794521	0.0228923602947369
"ESR2"	-0.225775410910269	-0.0641755762236842	-2.32138104076803	0.0228967980414166
"MAP3K5"	-0.363813243368893	-0.0477214672236842	-2.3213377039756	0.0228992615446061
"ODZ3"	0.337636290042871	-0.210481795118421	2.31992512788537	0.0229796888067902
"QTRTD1"	-0.277653632230309	0.0635143608815789	-2.31878469718131	0.0230448034114495
"BRD1"	-0.311090170721834	-0.0773523013421053	-2.31865742791563	0.0230520801638267
"CRNKL1"	-0.297679627124626	0.0711442494473684	-2.31839832482827	0.0230669009385452
"PI4KB"	0.293817733272184	0.121830675315789	2.31723821603037	0.0231333630020248
"PCSK1N"	0.448274707738783	-0.200956518815789	2.31688779857315	0.0231534715530422
"COL21A1"	0.312030791874376	-0.269582746710526	2.31680817770639	0.0231580427179352
"JMJD2D"	0.296859580356929	-0.0533784816052632	2.31372733588112	0.0233355335012496
"SYNCRIP"	-0.259629188610169	0.164409797526316	-2.31256794070039	0.0234026386851774
"ISCU"	0.265790564109671	0.0303973254473684	2.31203527650406	0.0234335262126508
"SOX9"	-0.576869427677966	-0.207445706828947	-2.31006547539533	0.0235480623559664
"NCAPG2"	-0.390575066140578	0.293849416407895	-2.31002503139277	0.0235504191942359
"F2RL1"	-0.414945244206381	-0.000528997802631581	-2.306708933595	0.0237443732212576
"PSMB4"	0.297536399479562	0.232405251552632	2.30610344138432	0.0237799397542328
"CASP2"	-0.212421880925224	0.114078186368421	-2.30495245486591	0.0238476784665057
"LAMA4"	-0.36485897265005	-0.0209411418947368	-2.3021047751619	0.0240160059912433
"SLC25A24"	-0.243683807810568	0.232446157289474	-2.30162362909041	0.0240445502225693
"LAMP3"	-0.729168925664007	0.746159588539474	-2.29909163374227	0.0241952568050308
"RTEL1"	0.288984136071785	-0.0738346322105263	2.29794366830921	0.0242638593198247
"SNRPD1"	0.344008401891326	0.229127383723684	2.29706610540999	0.0243164184178361
"LRRC42"	0.312775228113659	0.292169330447368	2.29682350132246	0.024330966227422
"SERP1"	-0.252014292017946	0.160431708184211	-2.29419403343548	0.024489136903279
"TNS3"	-0.383987796024925	-0.0140900280394737	-2.29394224211868	0.0245043304820738
"ELAVL4"	-0.193548159832502	0.0970017147368421	-2.29254236618989	0.024588953649208
"RBM34"	-0.264214962935194	0.0979041988947368	-2.29137369937738	0.0246597976882672
"KIF1A"	0.661989617793619	-0.168091819407895	2.29119936521773	0.0246703811795313
"VDR"	-0.387121602918245	-0.0418174888552632	-2.28872193281368	0.0248212154333658
"VTCN1"	-0.783315754398803	0.801810427342105	-2.28740594328775	0.0249016678634035
"SSBP2"	0.389880047953141	0.0774270563026316	2.28649252395753	0.0249576446025415
"FOXL2"	-0.799874664884347	-0.316497631697368	-2.28620154559914	0.0249754998339963
"MAGEB2"	0.752114586388833	0.0949037222105263	2.28611643260713	0.0249807247319795
"CMAS"	-0.457587860297109	0.171890954078947	-2.28364360833915	0.0251329477359698
"NBN"	-0.355183538072781	0.158474214355263	-2.28259379498746	0.0251978196601509
"C9ORF82"	-0.277631214675972	0.256150521368421	-2.281727237349	0.0252514787905469
"MRPL23"	0.380939591667996	0.0820420523289474	2.27919127388242	0.0254090908290515
"CCIN"	0.49205856011665	-0.0340153833289474	2.27877211904701	0.0254352250193944
"SLK"	-0.333768678097707	0.0227165373684211	-2.27711996298168	0.025538467553928
"GHITM"	0.392224321472582	0.104895197460526	2.27692969206299	0.0255503812037811
"UBE1DC1"	-0.26485631429312	0.226047941315789	-2.27575170564195	0.0256242489742345
"EIF3F"	0.291022042437687	-0.0175606272763158	2.27545737379672	0.0256427349644232
"CLNS1A"	0.379152936856431	0.112649663434211	2.27521207856756	0.0256581501132653
"ETV7"	-0.598114504275173	0.570770336052632	-2.27097644054244	0.0259256230486721
"TAP2"	-0.33393572683649	0.349829917118421	-2.27094967967287	0.0259273207331451
"MYOC"	0.180612379509472	-0.0590642071052632	2.26985031273548	0.0259971482893433
"ACTL6B"	0.123440711890329	-0.0647296007631579	2.26933853377631	0.0260297110176698
"SENP3"	0.298272307681954	0.0779298335131579	2.26865923750127	0.0260729878090458
"C16ORF33"	0.38532028951346	0.196390377657895	2.26722031694237	0.0261648684047373
"TFAP2A"	-0.511795417439681	0.142113736421053	-2.26479058170298	0.0263206640046258
"GMPR"	-0.572796623204387	-0.000247086131578947	-2.26452507644668	0.0263377377364509
"SLC4A3"	0.290926375431705	-0.244318002763158	2.26376238207177	0.0263868382710114
"SNAPC2"	-0.240750017272184	-0.118563153157895	-2.2626056057918	0.02646146278276
"TAP1"	-0.602558126709869	0.767941978605263	-2.26110805321855	0.0265583470590079
"HLA-B"	-0.531518460599202	0.61582465606579	-2.26069962908118	0.0265848242428266
"DLX5"	0.485684973932203	-0.204303978973684	2.25929782897563	0.0266758765449802
"HLA-C"	-0.5354300616331	0.529840899710526	-2.25888216225336	0.0267029284208767
"WDR79"	0.244724614503489	0.0133367622763158	2.25824846023353	0.0267442166615608
"CENPT"	0.222444635420738	0.0107424255921053	2.25743947775967	0.0267970067915103
"MAN2C1"	0.263899564119641	-0.0994405255789474	2.25705349226908	0.0268222265715956
"ANKRD15"	-0.487698405385842	0.219762753131579	-2.25668484943574	0.0268463327087197
"CUEDC2"	0.332584228928215	0.0707891422236842	2.25600081542839	0.0268911132979364
"ZNF248"	0.438379188413759	-0.0699178295657895	2.25520651636668	0.026943194919942
"DNAJC6"	0.254187511470588	0.0825790398289474	2.25301019109395	0.0270876687757044
"GSPT2"	0.553625893691924	-0.00518564538157895	2.25075264998236	0.0272368793719478
"ELK4"	-0.337256461336989	0.0961431958026316	-2.2505384402449	0.0272510749027144
"VAPA"	0.241906371346959	0.0578290684078947	2.25000689472777	0.0272863281713883
"KCNE4"	0.324753102323031	-0.220331124131579	2.24886321811987	0.0273623153618936
"ARF6"	-0.275242821753739	0.105798913407895	-2.24751515143607	0.0274521213954772
"ST3GAL1"	-0.523962549633101	-0.00460100092105263	-2.24642105110093	0.0275251990568357
"GFOD1"	-0.522808126830508	-0.0586991602763158	-2.24335105295019	0.0277311659596285
"ERP29"	0.266839416914257	0.0475571315131579	2.24190543979995	0.0278286208088569
"ITGA2B"	0.189931150031904	-0.0679811734473684	2.24020505718921	0.0279436359014789
"ADH1C"	0.415954807783649	-0.163065144460526	2.23664296293365	0.0281859334595284
"CREB3L2"	-0.326208172638086	-0.167909590631579	-2.23445359513544	0.028335770776644
"TRIM14"	-0.320611859782652	0.151946310394737	-2.23429093260969	0.0283469310448461
"MYL3"	0.238086489355932	-0.118760437947368	2.23004205327771	0.0286398170548923
"CNOT4"	-0.166668702363908	-0.0303755278026316	-2.2297572051419	0.0286595470452842
"TNFSF5IP1"	0.271814210814556	0.144296867223684	2.22804852688573	0.0287781491995476
"MINA"	-0.279955994231306	0.170557964973684	-2.22781985524327	0.0287940543132499
"ARF4"	-0.254329530738783	0.145529387618421	-2.22649060086949	0.0288866626394972
"EIF2B1"	0.280750094832503	0.16690965125	2.22528102770925	0.0289711598952096
"KRT19"	-0.467444651595214	-0.0621346890263158	-2.22486290208193	0.0290004193370145
"NDE1"	0.286252006395812	0.0585683789605263	2.22431127851214	0.0290390603160116
"ZNF146"	-0.376793267539382	0.0522794746052632	-2.223624330776	0.02908724384292
"MTX1"	0.310943236838485	0.132668198671053	2.2235190821675	0.02909463232883
"CBLB"	-0.279110916107677	0.0346693318947368	-2.22144559379535	0.0292405279965359
"ANAPC2"	0.3135612750668	0.0398271733157895	2.21857917778595	0.0294432725607398
"CLDN1"	-0.691080100298105	-0.146555916171053	-2.21738293573883	0.0295282479128345
"ZNF253"	0.320044213934197	0.0876255601578947	2.2169470744038	0.0295592628369546
"GCC1"	-0.297987740384845	-0.0143079406578947	-2.21385412983334	0.0297801715044064
"SEMA6C"	0.33511234062313	-0.152473312802632	2.21218711002326	0.0298998348488988
"TPMT"	-0.250412183308076	0.182513869131579	-2.2116664639768	0.0299372945328615
"TICAM1"	-0.326594015227318	0.0417174425921053	-2.21112183205235	0.0299765239687714
"PMS2L5"	0.302494030109671	-0.0585803717368421	2.21044023850421	0.0300256821039141
"DYRK4"	0.300868667197408	-0.0660791901973684	2.21034992225058	0.0300322012221892
"CCDC47"	-0.290126105422732	0.165420950460526	-2.20913249396394	0.0301201975253666
"PRKRIR"	0.341367116870389	0.142112878460526	2.20758979878393	0.0302320286880064
"ZBED2"	-0.850494882900299	-0.176430700302632	-2.20646734180295	0.0303136248817304
"GNL2"	-0.312093304348953	0.0280185791315789	-2.20613990783282	0.0303374637674444
"NIF3L1"	0.278419274918245	0.209011784434211	2.20608213532232	0.0303416716084795
"CLDN10"	-0.839844700277168	0.502150692236842	-2.20472045608543	0.030440997159048
"HOXA6"	0.109481838860419	-0.0412815366973684	2.20356391966762	0.0305255823872883
"TNMD"	0.275207964730807	-0.239767229644737	2.20339985478826	0.0305375981991724
"FRMD4B"	-0.361687161011964	0.134556415355263	-2.20232395847376	0.0306164975502512
"CCDC109B"	-0.554791788659022	0.583790222171053	-2.20226748590966	0.0306206438118468
"HTR1E"	-0.280811609018943	-0.123402970815789	-2.2022060486321	0.0306251551450408
"GPSM2"	-0.419921146768693	0.481365292276316	-2.20145141805898	0.0306806150784485
"HOXA2"	0.526028416663011	-0.121171557802632	2.20143248154729	0.0306820079062679
"NARG1"	-0.346382056499501	0.110723679592105	-2.1995455747964	0.0308210724598516
"TAZ"	0.240996976938185	0.0144500988815789	2.19869804589591	0.0308837144583467
"ZNF675"	0.417277823675972	0.0619431091184211	2.1976288295945	0.0309629005971469
"MAST4"	-0.372990711712861	-0.0862948560526316	-2.19690568291607	0.0310165574887568
"SPINT2"	-0.35378430171984	0.182204891434211	-2.19433816071697	0.0312077233167842
"LPIN2"	0.294513668594217	0.0426094557368421	2.19304692924864	0.0313042513570529
"GNG3"	0.169497962973081	-0.102647008763158	2.19113446135965	0.031447700706998
"ZBTB7B"	-0.274194968993021	0.109234279	-2.18724442627681	0.0317412570180189
"POGZ"	0.339309588861416	-0.117121069	2.18664923371439	0.0317863830770678
"TBP"	0.290534451246261	0.0818551700526316	2.18643943649783	0.0318023027552555
"ZBTB20"	-0.406685851938185	-0.194695623078947	-2.18617696794579	0.031822229013473
"CRYGD"	0.14509487368993	-0.130954704828947	2.18613274769641	0.0318255872290108
"WRNIP1"	-0.231620988541376	-0.0553797475394737	-2.1854051085199	0.0318808907824957
"TRIM46"	0.149962150759721	-0.0587862821052632	2.18538293846549	0.0318825771149647
"HIST1H4L"	0.613415461770688	0.129091739578947	2.18522887005858	0.0318942982543294
"PELO"	-0.275971240819541	0.181476797394737	-2.18490036278901	0.0319193028422999
"HS1BP3"	0.261875067381854	0.0191922122631579	2.18479656171506	0.0319272073032472
"FBXL11"	-0.300326576347956	-0.0433493947236842	-2.18457594754391	0.0319440127733722
"CAMK1"	0.304986655475574	0.261551444657895	2.18420674484861	0.0319721543927387
"IFIH1"	-0.661717616894316	0.605183606697368	-2.18373458686115	0.0320081751069691
"QKI"	0.197693402658026	0.145719654394737	2.18321409004686	0.0320479246548254
"LRRC49"	0.391906082513459	-0.160642190434211	2.1813454150107	0.0321909881187848
"ITPR3"	-0.37566029017348	-0.0922053097894737	-2.18047943593227	0.0322574753781833
"DIABLO"	0.263532685678963	0.0188262499473684	2.17979851755129	0.0323098384448032
"VCAM1"	-0.70692663865304	0.384912680644737	-2.17862232389928	0.0324004633975822
"MAGMAS"	0.413907465033898	-0.0430345694868421	2.17789506347339	0.0324566093377918
"PNOC"	-1.03601469745563	-0.169950656473684	-2.17785951524353	0.0324593559079581
"TRIM48"	0.157642665006979	-0.0395301847631579	2.1778109028923	0.0324631121825668
"PHF20L1"	-0.310183438443669	0.02140509525	-2.17206532676289	0.0329097548433403
"PLA2G4B"	0.196676274262213	-0.143093735065789	2.17173418268719	0.032935659600865
"OLFML3"	0.43441523877667	0.190284667302632	2.16891426858028	0.0331569779128371
"CLCN7"	0.262711926139581	-0.0130461968157895	2.16812517304385	0.0332191412128623
"SSNA1"	0.387286731119641	0.111805406460526	2.16611716013862	0.0333777870221826
"NOX3"	-0.22677772567996	-0.011926350618421	-2.16520835941077	0.0334498050189487
"DENND2A"	0.289829664058823	-0.265344796407895	2.16502575730855	0.0334642916780002
"HOXA5"	0.815566820551345	-0.121313269223684	2.16407644356342	0.0335396932693471
"KRT6A"	-0.746711016681954	-0.180028830105263	-2.16404353474641	0.0335423097882335
"RHOT1"	0.241297323432702	0.100398960802632	2.16337344829598	0.0335956258404693
"ATPBD1C"	0.287973240472583	0.297063240710526	2.15823584865662	0.0340068644403481
"TNFSF10"	-0.617180687492522	0.818046537776316	-2.15821788418193	0.0340083100674457
"PPFIBP1"	-0.32122934825324	-0.186122680026316	-2.15761405274231	0.0340569324136806
"DIO1"	1.22154893609571	0.227838676	2.15757684558752	0.0340599304274044
"SPP2"	0.191515322184447	-0.0187275343026316	2.1566359385143	0.0341358216876215
"GNAI2"	-0.236246362552343	0.125347338631579	-2.15376085692694	0.0343686323790485
"FAM120A"	-0.269720072698903	-0.0418556583552632	-2.15154708629963	0.0345488344651164
"RFTN1"	-0.426634441530409	0.132105838881579	-2.14942072511366	0.0347226955186389
"SLC33A1"	-0.243837513866401	0.235598423315789	-2.14909519923494	0.0347493791328465
"C11ORF30"	0.345723034474576	-0.00960769344736842	2.14872784457166	0.0347795129246486
"PKP3"	-0.37555487734995	-0.00943081660526316	-2.14816572311876	0.0348256673091131
"RBM15B"	-0.226965409062812	-0.129570022868421	-2.14815828658847	0.0348262782611694
"PAXIP1"	-0.29044459399003	0.102287962105263	-2.14774807617121	0.0348599937690858
"MAST3"	0.322425483904287	0.0254304012105263	2.14595378026876	0.0350078024736407
"KCNE2"	0.347945834258225	0.0157285975131579	2.14570490478541	0.0350283471018809
"RANBP9"	-0.287988998194417	0.153782825434211	-2.14489182138836	0.0350955401505954
"PRKCI"	-0.420151723439681	0.200850420763158	-2.14439112989068	0.0351369729730345
"MUTYH"	0.249194356131605	0.0807516001578947	2.14236369763923	0.0353051808418247
"ASGR1"	0.0936576672502492	-0.0342424334210526	2.14149714207825	0.0353772888889015
"RAB3GAP1"	-0.286612691235294	-0.0458650825657895	-2.13948431661292	0.0355452752175937
"DNAJA1"	-0.28058354524327	0.394116042144737	-2.13927862313419	0.0355624809843782
"SLAMF7"	-0.717060517197407	0.816455389802632	-2.13920702775562	0.0355684714653675
"NDUFA9"	0.311070512758724	0.177172487776316	2.13920343768015	0.0355687718748836
"S100A10"	-0.508292890344965	-0.142168008842105	-2.13904425811206	0.0355820938845401
"ITGA10"	0.126702277530409	-0.0962354141973684	2.13782951442967	0.0356839008400264
"EXT1"	-0.377561457302094	-0.154128028552632	-2.13775075898774	0.0356905100217535
"AKR7A2"	0.268984148267198	0.0859710430526316	2.13753653342449	0.0357084932849285
"MED28"	0.391375365148554	0.169333748894737	2.13751202022976	0.035710551558573
"PDCD2"	0.28703887218345	0.0652286346842105	2.13605683934612	0.0358329221719113
"RAB40C"	0.156581857165503	-0.0533255005921053	2.13509699198767	0.0359138380675157
"GINS4"	0.433334872888335	0.179191473223684	2.13374102618439	0.0360284177256044
"CLGN"	-0.940545688693918	0.502640562736842	-2.13341620702561	0.0360559122006987
"PCDHA9"	0.191640033187438	-0.0365641447763158	2.13339218149992	0.0360579465770708
"PTHR1"	0.370710043501495	-0.304893743263158	2.13245536783932	0.0361373496804346
"ZNF273"	0.333595623367896	0.014601444868421	2.13240015247187	0.0361420344012392
"KCNJ13"	0.363977832229312	-0.106566743236842	2.13239132238797	0.0361427836343297
"ZNF235"	-0.267664509637089	0.0732694122894737	-2.13101429522777	0.0362597897629106
"R3HDM1"	-0.236063780478564	0.0186113675789474	-2.13018767159563	0.0363301860246602
"ZNF343"	-0.255215892517447	0.0768061011447368	-2.12845716901354	0.0364779422784789
"C12ORF24"	0.356445853171486	0.0577932638552632	2.12641264180498	0.0366531834656532
"PLA2G3"	0.384218847653041	0.0555157658947368	2.12389649226537	0.0368698516704106
"NID1"	-0.242519913576271	-0.169211645828947	-2.12355804960995	0.0368990799933761
"EXTL1"	0.293005562102692	-0.109072247381579	2.12232776377204	0.0370054985239876
"PDLIM7"	0.227097349940179	-0.150608821447368	2.1215952280728	0.0370689886114988
"GALNAC4S-6ST"	-0.486912770732802	-0.216219328513158	-2.12009432699024	0.0371993695839756
"SMC4"	-0.351984498074775	0.386667074328947	-2.11960700450243	0.0372417880410179
"RAP1A"	-0.217362516803589	0.314955317657895	-2.11872392487956	0.037318761704399
"P2RY1"	-0.54706275152343	0.0556525996052632	-2.11817607012056	0.0373665848387219
"PRUNE"	0.315301496154536	0.175055190855263	2.11660703291318	0.0375038429823215
"HNRPH2"	-0.273741660045862	0.126716815342105	-2.11557002907544	0.0375947991462901
"PCCA"	0.346691341165503	-0.05474175775	2.11418907260441	0.0377162206047935
"SSH3"	-0.277340268967099	-0.108309782026316	-2.11396487505211	0.0377359653713965
"SIRT7"	-0.250542455626121	0.160630859118421	-2.11316498193656	0.037806483909765
"SLC9A7"	0.277274089095713	0.0178775523289474	2.11242299457199	0.037871999618868
"ASB7"	-0.232851436400797	0.0912220669736842	-2.11143441259439	0.0379594419863716
"TCEB2"	0.274863245532403	-0.0358543552763158	2.11065098125711	0.0380288625785038
"RPA2"	0.28584373265005	0.309823499315789	2.10999594228298	0.0380869906603903
"NPR1"	-0.53717691240977	0.0877307531973684	-2.10968173509878	0.0381149006923309
"GPR12"	0.223548824271186	-0.064400887	2.10966932357128	0.0381160035330184
"SERINC1"	-0.268442075815553	0.11245005325	-2.10801912878903	0.0382628800482264
"ERH"	0.30730234288335	0.0615707178421053	2.10650092217585	0.0383984418667211
"SEC61A1"	-0.188912956887338	0.00154408997368421	-2.1033951366333	0.0386770568077266
"BUB3"	-0.242828413300099	0.228243343789474	-2.1019402038742	0.0388081776591837
"MLL2"	-0.219126681004985	-0.0935512270526316	-2.10133856738344	0.038862510509039
"ZNF304"	-0.335903292085743	-0.0169757425	-2.10101224179362	0.0388920080091101
"C14ORF169"	-0.278342015040877	-0.0841830980263158	-2.10061660048488	0.0389277971569343
"NNAT"	0.365134247639083	-0.0682594701315789	2.10031382240674	0.0389552052901526
"PSMD4"	0.24816392092323	0.135729267868421	2.10008816509723	0.0389756431492277
"SCAND2"	0.174146198108674	-0.0833695050921053	2.09935990172991	0.0390416655573016
"FNDC3B"	-0.297074250117647	0.117244619894737	-2.09661641332735	0.0392912531011036
"RBBP4"	0.24870092485344	0.287184481473684	2.09618739648601	0.0393304073127374
"PLEKHF2"	-0.453772099358923	0.259351545907895	-2.09484695433122	0.0394529604038339
"LIMS1"	-0.286841663433699	0.0957929475789474	-2.0943856081209	0.0394952164463624
"DMP1"	0.186028292884347	-0.0339077864078947	2.0943555640694	0.0394979696262777
"ARHGEF18"	-0.304399219021934	-0.112270915381579	-2.09376131019365	0.0395524600639461
"MLCK"	0.191431946294118	-0.0264912812236842	2.09326796715367	0.0395977468307854
"BCL10"	-0.244039596947158	0.123370827131579	-2.09282379967045	0.039638557865649
"TSNAXIP1"	0.279572982290129	-0.268679639697368	2.0925720279681	0.0396617073313017
"LRDD"	0.229308261902293	-0.0440666028421053	2.09235016025581	0.0396821169313745
"DHCR24"	-0.438959616382851	0.152408201315789	-2.08990511308796	0.0399076391799906
"SSPN"	-0.518159233520439	-0.112601998144737	-2.08969056556552	0.0399274810633303
"N-PAC"	0.197739453123629	-0.03997916725	2.0896287447882	0.039933199984333
"KCNK15"	-0.422447110017946	-0.0383115291578947	-2.08870599832561	0.0400186457232043
"C11ORF67"	0.435858328696909	0.0652253682236842	2.0877901599669	0.0401036080670259
"RRAGB"	0.330928160743769	0.0885307868684211	2.08734775611249	0.0401447057221935
"CYP27B1"	-0.318185975901296	0.0292461084342105	-2.086061325488	0.0402644172552888
"HLA-F"	-0.411149889396809	0.533950932802632	-2.0844396252036	0.0404157676627351
"KPNA4"	-0.273506222088734	0.223367410197368	-2.08430220810765	0.0404286151269656
"TEC"	-0.301737023280159	-0.0125354925	-2.08292545789988	0.0405575258723152
"THRB"	-0.42198720888335	0.226122502447368	-2.08200589603133	0.0406438259428234
"LBH"	-0.400976996507477	0.0193167124868421	-2.0819380098643	0.0406502032847759
"CALML3"	0.242636366519442	-0.0671974577236842	2.08095492662169	0.0407426527666047
"ENSA"	0.281692745295115	0.197216560223684	2.08023860361136	0.0408101303836457
"LMCD1"	-0.403386958549352	-0.101915664986842	-2.08008231766869	0.0408248653410671
"LRRFIP1"	-0.274599826595214	-0.125788049592105	-2.08003352552135	0.040829466505597
"LOC541469"	-0.24208064880658	-0.157293895828947	-2.07844086345704	0.0409799028395256
"CLCA2"	0.0926782035074775	-0.0531613906052632	2.0760699035198	0.041204740795863
"SEMA7A"	-0.17168874350349	-0.113668881131579	-2.07506341246843	0.0413005078780626
"LRP4"	0.496761816393818	-0.334759092144737	2.07449589083937	0.0413545919419715
"RABEP2"	0.242063205726819	-0.0393057724210526	2.07406023051533	0.0413961512737605
"ZCCHC2"	-0.333406290069791	0.112609870526316	-2.07324502070953	0.0414740141711257
"LMAN2L"	0.248364719385842	-0.0353843257368421	2.07321450521499	0.0414769312418444
"PLAA"	-0.233915900810568	0.168057812855263	-2.072721301909	0.0415241026445317
"ACSM3"	0.561619059528414	-0.188169007934211	2.07229367877125	0.0415650392426922
"SELP"	0.290686472998006	-0.0216001785394737	2.07199907445483	0.0415932621377563
"MFSD1"	-0.312937113692921	0.409319115236842	-2.07171440366712	0.0416205491190533
"PTER"	-0.37891497998305	0.308125636828947	-2.07046594325499	0.0417404022308866
"TRO"	0.461790894428714	-0.151111380368421	2.07024276150611	0.0417618591935279
"LIN28"	0.31367505027318	-0.137725703526316	2.06983649327396	0.041800942745704
"ACP6"	0.330855947464606	-0.0587563028815789	2.06966112106164	0.0418178235395089
"CNN1"	0.419151719472582	-0.380823107776316	2.06874455327918	0.0419061452985908
"WWTR1"	-0.414381995195414	0.229431296802632	-2.06780543179298	0.041996807251965
"CDKN1C"	0.420519999355932	-0.0865050832894737	2.06641518560235	0.0421313310226695
"EPHA1"	-0.345278880560319	-0.057293792131579	-2.0663644457164	0.0421362477657303
"SH2D3A"	-0.333303557025922	-0.0254101789342105	-2.06584289351981	0.0421868153638561
"TARBP2"	0.27396931517647	-0.0274742310263158	2.06415085689228	0.0423512289224708
"EFNA3"	0.274559741636092	-0.0895487706447368	2.06298264621452	0.0424650649971258
"MRPL9"	0.237028482518445	0.176591782289474	2.06153106854098	0.0426068812021513
"KLK11"	-0.905730669504486	-0.0220839127236842	-2.06079429286271	0.042679018773423
"TXK"	-0.304496844030907	-0.0294691184868421	-2.06023073448316	0.0427342677093598
"RGS11"	0.077097828006979	-0.0597075890394737	2.05975146187421	0.0427813021111869
"GLB1L"	0.250804771442672	-0.145645368381579	2.05958768882936	0.0427973845400353
"SLC13A4"	0.318797405676969	-0.104269208552632	2.05762137850129	0.0429908823955779
"FBXO2"	0.425533658817547	-0.256121266763158	2.05733274829335	0.043019348857396
"C13ORF1"	-0.29231379157328	-0.120067149473684	-2.05650782418874	0.0431007974338123
"IL6R"	-0.367614598929212	0.240246135236842	-2.05503345381858	0.0432466997914178
"SEH1L"	0.277826229329013	0.171971395618421	2.05503126486424	0.0432469167242609
"RHOT2"	0.200303569941176	-0.0257146200921053	2.05464981565549	0.0432847339588958
"GCN5L2"	0.264194097668993	-0.0558758734473684	2.05342773555594	0.0434060840065909
"AREG"	0.623282129474576	0.0407683175921053	2.05316447924512	0.0434322631410871
"DHX29"	-0.247309943814556	-0.0268268426052632	-2.05252173332395	0.0434962371926068
"F3"	-0.387073067878365	-0.253132597078947	-2.05106055208421	0.0436419740708472
"PCBP3"	0.196436296888335	-0.174371870723684	2.05023695047487	0.0437243044653785
"C6ORF62"	-0.31224032655633	0.404800009263158	-2.04929173198306	0.0438189569061314
"KLHL9"	-0.274720119113659	0.196565616565789	-2.04805887888665	0.0439426775602752
"MAP2K6"	0.340748022202393	-0.02437127975	2.04740341354282	0.044008577883389
"SENP2"	-0.288224005038883	0.152198339605263	-2.04711968259408	0.0440371304893243
"TRIM49"	0.143011046731805	-0.052395154	2.04687837625187	0.04406142633672
"ACYP2"	0.373285107785643	0.0905659791447369	2.04681604891405	0.0440677036178194
"POPDC3"	0.682091437294117	-0.192861709342105	2.04639558480857	0.0441100706583139
"NDUFAB1"	0.257142079581256	0.222499330894737	2.04591625338264	0.0441584120709224
"SULT1A1"	0.428931958780658	-0.00329936332894737	2.04544545174928	0.0442059376083511
"LRRC16"	-0.33507210738684	-0.0746425567763158	-2.04530599614231	0.0442200235387756
"WNT2B"	0.31466919685643	-0.399658859039474	2.04495329674468	0.0442556657252288
"FAM60A"	0.333603385392821	0.0112402711447368	2.04177576651512	0.0445778882635937
"KIAA0649"	0.233094698103689	-0.134256404815789	2.0416400736477	0.0445916932225547
"RAPGEF2"	-0.232660247219342	-0.0455483856184211	-2.04152424496763	0.0446034801711179
"BCAM"	-0.363989037058824	-0.179128840394737	-2.04116661577515	0.0446398901132367
"IL26"	0.122388634315055	-0.0459625814473684	2.04053501701834	0.0447042551093712
"C19ORF62"	0.282835884323031	0.146686652052632	2.03874618259752	0.0448869849869756
"PRSS23"	-0.494407225492522	-0.0551391163026316	-2.03866352036057	0.0448954444547114
"C6ORF54"	0.110990779727817	-0.00802633867105263	2.0372088899334	0.0450445324918152
"CRYBA4"	0.187629191182453	-0.0605675072105263	2.03438254265859	0.0453354275821067
"GPD2"	-0.306301221865403	0.211693561986842	-2.03272856834584	0.0455064065527578
"FKBP8"	0.228874107281156	-0.0495478584605263	2.03184926474468	0.0455975295613249
"ING2"	-0.253472922621136	0.0333390853289474	-2.03118396504229	0.0456665792765771
"MKRN1"	-0.23540179237986	0.063008653118421	-2.02997475505643	0.0457923099970687
"FUT8"	-0.395087357645065	0.108308821078947	-2.02990164320787	0.0457999215113302
"SEMA3B"	-0.293362406255234	-0.145632692868421	-2.02988654475847	0.0458014935131459
"FGF3"	0.199667328265204	-0.301319040868421	2.02960494978041	0.045830820765585
"SLC39A8"	-0.381027337969093	0.169245700039474	-2.02871515700773	0.0459235959593907
"ERO1L"	-0.349093106310069	0.233941906013158	-2.0280139692138	0.0459968196222817
"TSC2"	0.352001672204387	-0.104140437171053	2.02779671821011	0.0460195270488486
"ZNF117"	0.365750585956132	-0.00561025971052632	2.02777445111795	0.046021854985067
"TTC35"	-0.326876123004985	0.162611795078947	-2.02751279756955	0.046049217401515
"RPL39"	0.324376570577268	-0.0712853565921053	2.02674306592019	0.0461297930738758
"CDR2L"	-0.453701982993021	0.139102782289474	-2.02644188048475	0.0461613541581668
"NTRK1"	0.295074782754736	-0.0521365059868421	2.02602110042159	0.0462054785463207
"SYNPO2L"	0.178551694477567	-0.120409244013158	2.0238918333421	0.0464293160675275
"GSN"	-0.417012499582253	-0.00270199846052632	-2.02369854126834	0.0464496817395083
"HNRPUL2"	-0.313853797425723	-0.0128491012368421	-2.0226507287804	0.0465602149970347
"DENND1C"	-0.295865127499501	0.126127252973684	-2.02205798943623	0.0466228426869574
"TAS2R16"	0.173510070087737	-0.0252211653947368	2.02147389674753	0.0466846274757318
"C11ORF49"	0.224594535618145	-0.0425011111710526	2.02023999219487	0.0468153797322283
"TLR2"	-0.33104526167996	0.662522718907895	-2.01901429822493	0.0469455728133326
"DEFB1"	-0.973386455193419	0.13121271425	-2.01874674575961	0.0469740334610557
"PCBP2"	0.248104607468594	0.0536052224868421	2.01866842093589	0.0469823679917594
"ARL3"	0.267210325356929	-0.0580593268026316	2.01691201867284	0.0471695998081815
"OR10H3"	0.195601218408774	-0.0352961705263158	2.01663433433771	0.0471992593453093
"FAM29A"	-0.301095379073778	0.290882849618421	-2.01650698067659	0.047212867370974
"RPS15A"	0.236128393511465	0.00273294442105263	2.01581704336203	0.0472866472157939
"AP3M2"	0.312126359274177	-0.0116736213684211	2.01517825428914	0.047355045522385
"HLA-E"	-0.40803647410967	0.550815739473684	-2.01396537864962	0.0474851475304516
"FLJ14107"	0.218866497308075	-0.198897742	2.01378383852213	0.0475046472026503
"NGLY1"	-0.278966691822532	0.231032862657895	-2.01287203040497	0.0476026905932657
"TTC31"	0.153984539212363	-0.0289674141842105	2.01275392397503	0.0476154028225936
"C10ORF116"	-0.635220316589232	-0.0897336349078948	-2.01011640186425	0.0479000478676425
"DNTTIP2"	-0.201974050641077	0.106321726223684	-2.00945333778031	0.0479718355487012
"INTS8"	-0.258297166165503	0.003186762	-2.0094444575032	0.0479727976110296
"FOXG1"	0.748386553399801	0.0640624137894737	2.00814931920052	0.0481132860676568
"C5ORF21"	0.30665300701994	-0.165366117592105	2.00668160843986	0.0482729198939671
"TELO2"	0.180361833015952	-0.0823240486710526	2.00561622138416	0.0483890793705396
"AP3B1"	-0.229413736398804	-0.0393226120526316	-2.00550623199023	0.0484010851660234
"UBD"	-0.836489141202392	1.21342076992105	-2.0041743521095	0.0485466678869827
"KRT14"	-0.528586184229312	-0.108619041026316	-2.0040382381796	0.0485615670735603
"MOSPD3"	0.212912826707876	0.00547379531578947	2.00278978517167	0.048698406868205
"PDE4B"	-0.350831091407776	0.375712170815789	-2.00066312290484	0.0489322649293895
"PLK2"	-0.575839756557328	-0.324300134013158	-2.00063865446665	0.0489349611792765
"ZNF518"	0.27394478687338	-0.0635413775526316	1.99917910201094	0.0490960237235006
"TARS"	-0.261519071077767	0.0816676713026316	-1.99758822480168	0.0492720944016931
"MTX2"	-0.263374096564307	0.231110864289474	-1.99397326834934	0.049674189454697
"ASB13"	0.290296483403789	0.0784888686578947	1.99305135233106	0.0497771829021093
"KRT23"	-0.947735142342971	0.0590235647105263	-1.9928042859132	0.0498048153528498
