"logFC"	"AveExpr"	"t"	"P.Value"
"C10ORF95"	-0.691416871830556	0.259801698896552	-4.53017540838149	2.89077579704049e-05
"EPYC"	1.09094715328056	-0.563308916034483	4.15848565208473	0.000104328339935769
"CX3CL1"	0.548227612655556	0.0829579148275862	3.67076527537225	0.000518947793252762
"XPNPEP1"	-0.450862904627778	-0.0142833920517241	-3.5680464699216	0.000718082746964509
"SCEL"	1.19678090775556	0.103513668775862	3.55324390398792	0.000752186749104861
"GATA3"	0.410849186008333	-0.22598750237931	3.5529622213152	0.00075285043836556
"EFEMP1"	1.02689072785	-0.283003345465517	3.55081294588427	0.000757932858836531
"ATP6V1B2"	0.472706987116667	-0.00771836503448276	3.53968086965415	0.000784783914708091
"ZNF3"	-0.429384520733333	0.170916342844828	-3.45052778298736	0.0010349248682813
"PDCD11"	-0.429897497772222	-0.00609900577586207	-3.43019549810087	0.00110173791891573
"ANGPT1"	0.524487213066667	-0.0788086181896552	3.37369063888783	0.00130954220844431
"ST7"	-0.383147688719444	0.14003667987931	-3.33842676116676	0.00145747490026765
"TARBP1"	-0.579654636469444	0.175774372810345	-3.33096069519964	0.0014907583028754
"LRDD"	-0.312453496072222	-0.0356990815172414	-3.29725073196814	0.00165017392912746
"GPRC5A"	0.960726699052778	0.238281003	3.25991315097243	0.00184546236839726
"PELO"	0.436360804677778	0.194435418293103	3.23727159995466	0.00197428050254108
"S100A4"	1.02696189378889	0.113951191965517	3.23272776933525	0.00200113186817999
"LY6D"	0.727660481144444	-0.156286302637931	3.2297459015174	0.002018939277539
"GAS1"	0.754689349733333	-0.101947225775862	3.21664396405	0.0020989637236292
"ZNF692"	-0.411540578025	0.0273806347931034	-3.1979020813284	0.00221863332940367
"TRIM29"	0.842576222847222	0.597695002982759	3.1867463396709	0.00229287741672597
"UBE3A"	0.396525163669445	0.120442803827586	3.18226035949578	0.00232338532492971
"GNG12"	0.471953180422222	0.257049571206897	3.17408849100617	0.00237994166067734
"TSSC4"	-0.366705619847222	-0.0350990687413793	-3.15521695805059	0.00251552380463488
"EMP1"	0.713852934458334	0.193055034741379	3.11649286108579	0.00281672277689559
"FGF7"	0.542222048858334	-0.343872361758621	3.11473690959402	0.00283115045370261
"RASSF8"	0.526443341975	-0.200244153275862	3.10723258952015	0.00289359230424968
"RNF123"	-0.34428801635	0.0408918282758621	-3.10395734927655	0.00292124686058749
"SLC25A28"	-0.344673676327778	-0.0406412756034483	-3.09241037801941	0.00302072901846869
"HIRA"	-0.404067964369445	0.00635949568965517	-3.08717662959286	0.00306685569533115
"LEPROT"	0.505520910222222	0.172852434724138	3.06152509605611	0.00330260643886163
"TRGV7"	-0.205079442669444	-0.111934494051724	-3.05938010412544	0.00332306817938307
"NMD3"	0.454522791072222	0.31477574637931	3.04963949252468	0.00341748477113147
"SND1"	-0.293800140847222	0.105623310068966	-3.0343464044396	0.00357078645668457
"HIST1H2BD"	0.583013378075	0.0430609747241379	3.01204342459212	0.00380588467513029
"USP18"	-0.829553887472222	-0.114403752431034	-2.99802654968133	0.00396093478499403
"BCAS3"	-0.300130206258333	-0.0921281256896552	-2.99553093709775	0.00398914971795302
"LUM"	1.11989576210278	-0.31593862812069	2.98287804443249	0.00413510181110188
"PHLDA1"	0.588024237972222	-0.0192759985	2.97176309365601	0.00426739660820252
"JPH3"	0.673401867666667	-0.116966618982759	2.96742802704776	0.00432005291470649
"IBSP"	0.313851332519445	-0.0513192953965517	2.95719186211678	0.00444679328867851
"LRP5L"	-0.395152219272222	-0.0432937388103448	-2.94957228239966	0.0045433694766632
"RAB31"	0.538625285155555	-0.341114029844828	2.9419534763571	0.00464188036468912
"TIMP3"	0.768446551644444	-0.42732887712069	2.93778580207546	0.00469660363766961
"RBM28"	-0.365774101080556	-0.121947125310345	-2.93325327335052	0.00475679687833186
"DHX30"	-0.311042118019444	-0.0155705109137931	-2.91737260647396	0.00497338954750146
"CHFR"	-0.3769965752	-0.213746345931034	-2.91673158291002	0.00498232139121125
"DHRS9"	0.858311913008334	0.0475729014827586	2.91082807499086	0.00506528112504818
"DPY19L4"	0.383822331102778	0.365824144344828	2.91069601438965	0.00506715147781179
"XYLT1"	0.276940914563889	-0.279063762793103	2.90947800248931	0.00508443218131625
"SULT2B1"	0.487839389472222	0.0180626424655172	2.90656553297598	0.00512597488747816
"NBL1"	0.589139882	-0.176234177396552	2.89957580914285	0.00522696089003335
"MXRA8"	0.639411689775	-0.453937913155172	2.85619963147986	0.00589597523105979
"UBE1L"	-0.425318316555556	0.31573303987931	-2.85549156632004	0.00590752503320657
"SPOCK1"	0.384583082125	-0.544309887810345	2.84652695367878	0.00605557281002617
"ERP29"	-0.351663101711111	0.0468823319310345	-2.84170637063013	0.00613659272018957
"TNFRSF11B"	1.06379500122778	0.495122029793103	2.83320260597912	0.00628196046151254
"RBM19"	-0.237761954125	-0.0770881840344828	-2.82589833180121	0.00640935363107257
"KIAA0020"	-0.346960614438889	0.0269804034827586	-2.81984639827824	0.0065167055231301
"ARHGAP5"	0.345004728858333	0.222170018068966	2.81877448270335	0.00653589160936593
"VAV2"	0.319753108594444	-0.0254819322931035	2.79685106995432	0.00693990081909852
"HNT"	0.546859921775	-0.316548296137931	2.79073405438204	0.00705666188634919
"C10ORF6"	-0.346267667305556	0.00941465674137931	-2.7891168952654	0.00708783090703345
"KAL1"	0.750221416463889	-0.0944800449310345	2.7825339230987	0.0072160229517988
"MXI1"	-0.425802229027778	0.0461331523965517	-2.77894699654567	0.00728676675541096
"EIF4A1"	-0.318766970663889	-0.0568955157758621	-2.77755741605678	0.00731434405278934
"TRIM5"	-0.392536279511111	0.0621770454137931	-2.77554048428491	0.00735454244797975
"NOX4"	1.10100135650833	-0.313053289517241	2.77135392572006	0.00743863189206539
"NUAK1"	0.460661665175	-0.45384316312069	2.76580313887322	0.0075514858866117
"FAM60A"	0.330881898063889	0.0422294969310345	2.76540870218337	0.00755956483579875
"CCL11"	0.716719116566667	-0.477762076741379	2.76380001669572	0.0075925966692617
"GDPD3"	0.574101102044444	0.221831779931034	2.76018363021539	0.0076673383468533
"PDGFD"	0.759085789955556	-0.0640669952931034	2.75004889060239	0.00788041478986536
"KHDRBS3"	0.816292192169444	0.170657087913793	2.7483656342572	0.00791632630971443
"ATP13A1"	-0.355853687236111	-0.0119783215862069	-2.74597034808798	0.00796768776585823
"FAP"	0.961854934075	-0.426944651396552	2.74532074329732	0.00798166970245166
"RIC8B"	-0.367344038283333	0.0715559402241379	-2.73781741364216	0.00814481025720974
"GCN1L1"	-0.308980338308333	-0.00588168984482759	-2.73436196130414	0.0082209644243682
"STK3"	0.325717102947222	0.203544240431034	2.73313968257706	0.00824805806118529
"PPEF1"	0.454991156605556	-0.2426644265	2.72627767177916	0.0084016914708776
"ITGA2"	0.451006996366667	0.107475376827586	2.72472932406682	0.0084367182869668
"TGFBR1"	0.280784035808333	-0.0756104667931034	2.72445723051488	0.00844288741807676
"MTR"	-0.505134494636111	0.13290595137931	-2.72444206822293	0.00844323131179025
"GAPVD1"	0.376512448127778	0.0302297319482759	2.71066309128841	0.00876111267986971
"FLJ22167"	-0.518010761280556	0.141213222327586	-2.71031105952773	0.00876937585383067
"GPATCH2"	-0.460744016816667	-0.0384905088103448	-2.70964632730782	0.00878499845700561
"RPLP2"	-0.313206519933333	0.0811344726724138	-2.70779167772251	0.00882872150881955
"VAV1"	0.517942052094445	0.100871331206897	2.7034318080923	0.00893229077945696
"FBXO21"	-0.557695774458333	0.155490856655172	-2.70324057922184	0.00893685881252236
"TWIST1"	0.736987418727778	-0.520804399551724	2.70262307575246	0.00895162420906746
"CNNM2"	-0.237104327652778	-0.0647208093103448	-2.69562204456165	0.0091205981413333
"PILRB"	-0.426382693136111	0.094258316637931	-2.69477028921404	0.00914135373134987
"ZNF589"	-0.345913391638889	0.033649798362069	-2.69374657444433	0.00916635682457803
"CHRM5"	-0.250211426452778	-0.0706805298275862	-2.6916835564509	0.00921693397265681
"SLC25A20"	-0.455865347611111	0.237581145793103	-2.68632010036824	0.00934962209858906
"CPSF4"	-0.293349287933333	0.0124006344137931	-2.6832523965242	0.00942629813028956
"PPRC1"	-0.321101106513889	-0.0831129484137931	-2.67676263896017	0.00959040535763072
"MAN1A1"	0.389835856766667	-0.0901221183448276	2.66622156100348	0.00986253253761683
"SCAP"	-0.298376135866667	-0.0348069287413793	-2.66526483782825	0.00988757710637301
"LAS1L"	-0.269033186	0.000828045275862072	-2.66439522763651	0.00991039166271047
"MALL"	0.610231104869445	-0.0474137968965517	2.66165434159856	0.00998261480788725
"PARP12"	-0.435956892819444	0.028112230137931	-2.65846424573427	0.0100672798334983
"C9ORF156"	0.245417302827778	0.163832704482759	2.65830554909238	0.0100715087052142
"USP33"	0.252742277980556	0.0604292092586207	2.65207019245232	0.0102389547008032
"GAD1"	-0.431396296005556	-0.164587169655172	-2.6493446629537	0.0103129416742752
"MEPCE"	-0.296084422038889	0.0834429087413793	-2.64931180831433	0.0103138365114361
"USP19"	-0.237280046108333	0.120916798775862	-2.645897281382	0.010407222623449
"COL10A1"	0.850441425808333	-0.364727462810345	2.63942617195203	0.0105863242113059
"EAPP"	0.329975904780556	0.237211810551724	2.63806818272089	0.0106242643904818
"SIRT3"	-0.300113718830556	0.121947838948276	-2.6294312065609	0.0108684841711343
"RCP9"	0.243871146669444	0.0535426077413793	2.62624698689347	0.0109598044982091
"SERPINE2"	0.926970701530556	0.00634625206896552	2.62572488175315	0.0109748444988888
"ENAH"	-0.365280657008334	-0.154503461844828	-2.62121789508121	0.0111054586087432
"KIAA0082"	-0.352431799319445	-0.0848556921206896	-2.62013125971993	0.0111371607748227
"USP4"	-0.326506360569444	0.0846520679482759	-2.61760453869545	0.0112111957340081
"AGA"	-0.588038633927778	0.00428800818965518	-2.6166515049806	0.0112392365750736
"SLC31A2"	0.356611586327778	-0.135003160275862	2.61056917498555	0.0114197044211083
"SLC5A4"	-0.221675149941667	-0.0762100414137931	-2.60802366749414	0.0114960114990248
"MALT1"	-0.409100255083333	-0.0806044873793103	-2.60069187399988	0.0117183974667732
"RAD21"	0.394279045691667	0.161062431431034	2.59974192615229	0.0117474955602975
"INHBA"	0.5621962289	-0.554267591172414	2.5980318830768	0.0118000419728812
"UPK1B"	0.941024922272223	0.346719919706897	2.59563733414514	0.0118739811421275
"ITGB6"	0.821440955908334	0.324486323758621	2.59457139511669	0.0119070306143074
"MAP3K1"	0.402156901894444	0.224637817431034	2.59391948011343	0.011927284446483
"PLXNB1"	-0.394188970716667	0.167235468396552	-2.59184493731032	0.0119919453433143
"OMD"	0.483189328930556	-0.249295559896552	2.5780898140175	0.0124287957320642
"PPOX"	-0.401971824425	0.16590069887931	-2.57316786418356	0.0125885899088111
"TSPAN8"	-1.24599197319167	0.760449390431034	-2.57035638159637	0.0126807010585063
"ASAH1"	0.329633340461111	0.144414861862069	2.56895358267376	0.0127268885813135
"C16ORF67"	-0.264893652683333	0.0178851078793103	-2.5641255835872	0.0128870208388231
"PLEKHA9"	-0.384654923788889	-0.0781923881034483	-2.56128776446147	0.0129819946492886
"ZNF74"	-0.269723224666667	-0.126986032155172	-2.56128397101589	0.0129821220289453
"MDM4"	-0.448487221027778	0.00793959846551724	-2.5598321642232	0.0130309553857213
"PDCL"	0.347212742438889	-0.039872672862069	2.55561780754195	0.0131736556041323
"ZNF780B"	0.558159969872222	0.118359557965517	2.55407203954901	0.0132263501647386
"PTCD1"	-0.221398050080556	0.0306506738448276	-2.54787835060437	0.0134394120993411
"ANKZF1"	-0.288179743019444	0.167513568413793	-2.54593982771551	0.0135067331277074
"TNC"	0.649382867922222	-0.164360592517241	2.54572176842511	0.0135143249747923
"ENY2"	0.417761514183333	0.0925749147413793	2.54280926690972	0.0136160964892389
"FBXL15"	-0.277927551947222	0.0467188260344828	-2.53781864365873	0.0137920986096182
"FAM105A"	0.520567982213889	-0.00863175063793104	2.53033515912561	0.0140598769937261
"AGPS"	0.409040971397222	0.0549471525689655	2.52795003453776	0.0141462063312251
"ISG20L1"	-0.26056442925	-0.0842446516206897	-2.52382332281393	0.0142967055235041
"SDC2"	0.634912498341667	-0.0119885358448276	2.52355561837001	0.0143065184129541
"COL8A1"	0.377405934372222	-0.332242716517241	2.52194379864932	0.0143657296209452
"HSD17B6"	0.440582689952778	-0.427184237724138	2.52103415837736	0.0143992435642565
"SNCG"	0.780204781980556	0.34015211712069	2.51945935859588	0.0144574312056336
"NET1"	0.448347963386111	0.16136954712069	2.51662297898057	0.0145627697645992
"PCTP"	0.505065099097223	0.185561083724138	2.51527090002598	0.0146132275635874
"HCRP1"	-0.369923605061111	0.0788549065172414	-2.51489433464728	0.0146273085907824
"C7ORF43"	-0.184246416802778	-0.0683901714310345	-2.50736942635724	0.0149112727938578
"ELL2"	0.380818452152778	-0.1478374215	2.49821876006152	0.0152632917178092
"PUS1"	-0.357744384869444	0.0543739209827586	-2.49361168947147	0.0154433462034629
"RTN2"	0.443351447966667	0.0467268618793103	2.48890328791228	0.0156293390816985
"COL11A1"	1.084572328875	-0.771332627965517	2.48866213273769	0.0156389194464025
"SIDT2"	-0.348496636047222	0.0286966123965517	-2.4881644621078	0.0156587071402984
"PLEKHF2"	0.511864499927777	0.511032100827586	2.4868502603571	0.0157110692192274
"PRDM11"	-0.196425790886111	-0.0991023479310345	-2.48594133570638	0.0157473760601248
"ANAPC5"	-0.302939100983333	-0.0458324414137931	-2.48529839417504	0.0157731039227851
"HYPE"	-0.299509205486111	-0.061531068362069	-2.48044937233988	0.0159683658669816
"TNNI3K"	0.546304188783334	0.0661063688275862	2.47948704280507	0.0160073754112335
"POP7"	-0.253206174794445	-0.0314143943103448	-2.47931268207608	0.0160144525828704
"NVL"	-0.338129108258333	0.0418419076206897	-2.4772443618396	0.0160986195660228
"DLGAP1"	-0.587485623411111	0.0216797357931034	-2.47400148844962	0.0162313858202862
"ZDHHC11"	-0.557874461102778	0.12102966637931	-2.47174846929644	0.0163242064552694
"TXNDC1"	0.335504350236111	0.195538762603448	2.47104818241906	0.0163531543623293
"DCN"	0.755738940105556	-0.202296765482759	2.46912107898156	0.0164330542996323
"IFITM3"	-0.402469911261111	0.187363244931034	-2.46637634508232	0.0165474611663979
"TRIM66"	-0.260700302997222	0.0511186936896552	-2.4639868329105	0.0166476450058753
"EP400"	-0.298391726994444	-0.0884031610172414	-2.46377817158702	0.0166564193126345
"MOCS2"	0.430589349308333	0.0853806183965517	2.46292521116559	0.0166923300086482
"AR"	-0.692340376	0.27495166287931	-2.46178624350139	0.0167403906297982
"NT5E"	0.834185470180556	0.0484945857931034	2.45363363484131	0.0170880554770182
"TPBG"	0.744770505511111	0.0345758472241379	2.45354506380652	0.0170918679594887
"RBM6"	-0.356670437622222	0.0163766279310345	-2.45238963855636	0.0171416726273839
"CAMK4"	0.222522359344444	-0.310872333155172	2.45016245516338	0.0172380439475342
"AZI1"	-0.294462295425	-0.10879360687931	-2.44462084341981	0.0174799499222858
"STAG2"	0.312501594197222	0.183089928896552	2.44143121790596	0.0176205650806665
"SDF2L1"	-0.476686811527778	-0.0907520510862069	-2.43986343201995	0.0176900531032138
"L1CAM"	0.526820791325	0.0443377583275862	2.43915119443076	0.0177217024393526
"TMEM158"	0.556238532691666	-0.5239350145	2.4343121814439	0.017938081529085
"RAB32"	0.387655804030556	-0.144808189310345	2.43349200807578	0.0179749903019369
"PACS1"	0.233322013602778	0.0636252287586207	2.4320328482211	0.01804082285973
"MAL"	1.06929587527778	0.170231936051724	2.43133277737048	0.0180724845751942
"DUSP3"	0.230006440916667	-0.1196347465	2.43003860008132	0.0181311470122753
"WDR6"	-0.314400260505556	0.00396925531034483	-2.42652642549769	0.0182912092333405
"C15ORF29"	0.329473137022222	0.100101174103448	2.42506237230473	0.018358305027211
"KRT4"	1.02898381006667	0.522326498224138	2.42254542606721	0.0184741700715773
"ARIH2"	-0.295671541136111	0.0597273085689655	-2.41875359596568	0.0186499621246846
"PPM2C"	0.481700749638889	0.344653399344828	2.41298952569764	0.0189200635370394
"HSPB7"	0.221828228277778	-0.311405542241379	2.41286113160444	0.0189261197488379
"VIPR2"	0.354251035872222	-0.0114489625	2.41240758052381	0.0189475271835254
"RAB14"	0.351779020527778	0.184851820224138	2.40666033351965	0.0192206815029754
"THBS2"	0.824561367105556	-0.541630060241379	2.40555549061587	0.0192735949139172
"SF4"	-0.184973595291667	0.0194263685862069	-2.40411094775708	0.0193429741902635
"PTTG1IP"	0.329465640875	0.199966853137931	2.40026055553562	0.019528997165989
"FHL5"	0.217385169383333	-0.163636896137931	2.39918754877709	0.0195811217430052
"RASSF7"	-0.375590811158333	0.303036195293103	-2.39764674449595	0.0196561889243981
"CRIP1"	0.492474326933333	0.455533645482759	2.39303611278448	0.0198823580709877
"THOP1"	-0.296413084955556	-0.0615811708448276	-2.3904265959319	0.020011394577365
"VAV3"	0.951057393386111	0.090928194	2.3891567402908	0.020074457604489
"C3ORF14"	0.770637069455556	0.0186907990517241	2.38767513171449	0.0201482613453259
"MICAL3"	-0.308569485072222	0.0230498732068966	-2.38495372616341	0.020284456108273
"ZCWPW1"	-0.327145486863889	0.187660107258621	-2.38269742405017	0.0203979981877585
"EDG2"	0.525757185786111	-0.113362689	2.38013142330026	0.0205278154497788
"BAI1"	0.485957613922222	0.0306565322068966	2.37978221255706	0.0205455394563559
"PSMB7"	0.349886369225	-0.0511294002931034	2.37964443747192	0.020552535920958
"TFRC"	0.496883168358334	0.124286216689655	2.37918185170324	0.0205760424366398
"STK17B"	0.534384386813889	0.0820565589655172	2.3782001592609	0.020626007249685
"TCEB3B"	-0.195741577627778	-0.0743113233103448	-2.37695829149866	0.020689369478115
"LIMCH1"	0.430691994063889	-0.00349906003448276	2.37279036775287	0.0209032978448742
"CDH12"	-0.622871867958333	-0.131212044844828	-2.37082109003926	0.0210050614632317
"MGP"	0.638009056836111	-0.0691287444827586	2.37057782683856	0.0210176629013972
"SNX6"	0.250573715905556	0.220773926810345	2.36702789445232	0.021202325221109
"C14ORF161"	0.526885436255555	0.312893633172414	2.36457959847024	0.021330524926907
"KCNK2"	0.472701153641667	-0.117915178948276	2.35988903179477	0.0215780709515423
"FKBP15"	0.229080778586111	-0.00526630124137931	2.35978883356377	0.0215833868006367
"KIF1B"	0.347840099933333	0.0141563877413793	2.35965357473665	0.0215905645847286
"ACAD10"	-0.263732599625	0.0619896754655172	-2.35948563783286	0.0215994794619509
"LMAN2L"	0.277044260911111	-0.0114577694137931	2.35803391059929	0.021676680994203
"SFRS8"	-0.262106478377778	-0.144168203241379	-2.35694495734355	0.0217347520691697
"CEP250"	-0.199127295725	-0.113506893034483	-2.35234931486089	0.0219813578193243
"EFNA5"	0.403837243780556	0.0649734180689655	2.35176765350267	0.0220127474935185
"KRAS"	0.401561591838889	-0.231935062965517	2.35156034816379	0.0220239444996443
"PAGE1"	-0.243320227905556	-0.279449578327586	-2.35022037287712	0.0220964420513363
"OR10H3"	-0.263605828122222	-0.0342653213793103	-2.34971687406095	0.0221237381340729
"PXMP2"	-0.331996735947222	-0.0908302455517241	-2.34955965408081	0.0221322676284376
"KCNAB3"	-0.190928416516667	-0.104727465655172	-2.34840350966265	0.0221950808658537
"COLEC11"	-1.10138189826667	0.796114093275862	-2.34684054510361	0.0222802492850082
"NOLC1"	-0.2760948173	0.0186724653275862	-2.34604929001974	0.0223234770192285
"ZC3HAV1"	-0.28806202255	0.129628509327586	-2.34544995227804	0.0223562697001614
"PDPN"	0.388071720022222	-0.469768994758621	2.34302707092639	0.0224892754088617
"ABCA1"	0.338250841430556	0.0718200621896552	2.34261483211571	0.0225119756077969
"LOC389517"	-0.231476670263889	0.0233322350517241	-2.34069370781383	0.0226180331037191
"RRP12"	-0.236696368916667	-0.0380709235517241	-2.34049707063147	0.022628913724166
"PRO1768"	-0.109860395508333	-0.0251804288275862	-2.33965493611355	0.0226755647360991
"IFITM2"	-0.467149844241667	0.330489837206897	-2.33872566068339	0.0227271424471142
"CCHCR1"	-0.299607407105556	-0.0619523690517241	-2.33730430547595	0.0228062343311147
"SELT"	0.306360049297222	0.172483532603448	2.33370070527739	0.0230078579491302
"C17ORF60"	0.488723008336111	0.156980670534483	2.33343363992616	0.0230228634050381
"RYR2"	-0.462536801972222	-0.106802681810345	-2.33164750257284	0.0231234443606023
"DDX54"	-0.212074473086111	-0.0181047903103448	-2.32978150996156	0.0232289397873494
"ERGIC2"	0.306080907683333	0.0591381761724138	2.32949254483174	0.0232453149236203
"CRYZ"	0.406108872602778	0.438709494724138	2.32787324522042	0.0233372679977678
"PDLIM3"	0.3288022341	-0.418236976448276	2.32400519691448	0.0235582293479551
"TRAM1"	0.3294551314	0.246060822051724	2.32364120455257	0.0235791178441662
"DGCR8"	-0.233793762627778	-0.0596742841034483	-2.32281923888854	0.0236263487681872
"CXCL12"	0.551468568155555	-0.614737760896552	2.3215316767831	0.0237005024906522
"NEDD8"	0.23512659475	0.0154169932586207	2.32109529479444	0.023725681685154
"ZNF493"	-0.262450992741667	0.151202522482759	-2.32013811216021	0.0237809943708703
"DGCR14"	-0.172186834894444	-0.110050719637931	-2.31684276049551	0.0239723008837121
"WDR60"	-0.333611571772222	0.117972870827586	-2.31080655236107	0.0243262750158614
"IRX4"	0.313064591127778	-0.211339794293103	2.30931763953823	0.0244142985783103
"GBF1"	-0.28359291745	-0.0428579411206897	-2.30846164238109	0.0244650325967369
"SLC8A1"	0.338562479947222	-0.190696968758621	2.30709176398105	0.0245464187035459
"CALCRL"	0.397095666738889	0.0283457713793103	2.30657224745036	0.0245773466454481
"TRIM3"	-0.169813945836111	-0.0383590425172414	-2.30548868034372	0.0246419651512539
"LACTB2"	0.545521401811111	0.320390677189655	2.3052169288591	0.0246581946961508
"ALDH1A3"	0.416809211994444	-0.346865694017241	2.30419302459283	0.0247194296229185
"PES1"	-0.371116795641667	0.0979858120172414	-2.30311475634484	0.0247840617672596
"HIP1R"	-0.297573386047222	-0.127643469362069	-2.30162089338542	0.0248738529045374
"CD38"	-0.391070867636111	-0.401611374465517	-2.30143076014226	0.0248853018779399
"HIST1H2BG"	0.401384418791667	-0.16072768587931	2.30035255414942	0.0249503151600503
"STEAP4"	0.556344506597222	0.218917020603448	2.29857312481467	0.0250579403794257
"SLC31A1"	0.374081932363889	0.0164092173275862	2.29803200351956	0.0250907506291943
"NME6"	-0.251531592886111	-0.0186592830517241	-2.29739739686443	0.0251292778315129
"CAMK2N1"	0.710497437569444	-0.052830604862069	2.29466060127586	0.0252960318272059
"S100A6"	0.479834800758333	0.318275663586207	2.29230942336967	0.0254400733213083
"ASPSCR1"	-0.252305955536111	-0.108790898344828	-2.29173862714321	0.0254751519009758
"PLK2"	0.573946142286111	0.116782457396552	2.29154940447744	0.0254867901445825
"ARHGEF3"	0.426529003622222	0.186112536189655	2.28910534146482	0.0256375380061409
"TRPS1"	0.66898428795	0.493484341551724	2.28696880014028	0.0257699653969194
"ANKRD7"	-0.276417388283333	-0.117821069258621	-2.2868335876962	0.0257783665234999
"GCA"	0.42426691475	0.139529314258621	2.28665719136011	0.0257893301707807
"TTLL4"	-0.239610949208333	-0.0814872693448276	-2.2866427365604	0.0257902287702299
"NRF1"	-0.140435944316667	0.00158659672413793	-2.28404030323172	0.0259524651953175
"ZKSCAN5"	-0.196326058475	0.0287442042068966	-2.28385223581851	0.0259642243467263
"SEPW1"	0.315894077458333	0.14726293887931	2.28350371829158	0.0259860283296884
"HK2"	-0.338416916827778	0.0132063523448276	-2.28292455700989	0.0260222977639279
"CIDEB"	0.319742953827778	-0.184070083672414	2.28039374856062	0.0261813142219847
"ZNF672"	-0.347752766313889	-0.00243660337931035	-2.27558773227567	0.026485658898188
"ADRBK2"	-0.298875983466667	-0.118298677258621	-2.27365230378126	0.0266091037981444
"EVI2A"	0.390948630288889	-0.250174815137931	2.27327891743644	0.0266329775559379
"PTER"	0.429239315025	0.155966821689655	2.27264422657416	0.0266736022555127
"NAT1"	0.425611550333333	0.0873598572068966	2.27017246575847	0.0268323358348729
"MORC1"	0.160737800394444	-0.1327812495	2.2663399110207	0.0270801117588725
"CDC42"	0.221732073133333	-0.0173738832931034	2.26617955235791	0.0270905229904801
"POLR3B"	-0.37780310305	0.0221152921724138	-2.26486092877966	0.027176268582179
"PRRX1"	0.387406008244444	-0.363209987965517	2.26446463282147	0.0272020852448061
"SPP1"	0.464222678258334	0.28439454262069	2.26242111387803	0.0273355548331368
"CST6"	0.590436590205556	0.048735770137931	2.26044534455973	0.0274651499514099
"UBAP2"	-0.244125716744444	0.00759367582758621	-2.26017528120123	0.027482906159983
"ZMYM1"	0.336971744469444	0.0352453804137931	2.25915870227855	0.0275498355739397
"ATP5A1"	-0.273586703183333	0.18794368212069	-2.259036009747	0.0275579231321778
"INSL4"	-0.291024956266667	-0.0899388187758621	-2.25875467786943	0.027576475692206
"SFRP4"	0.847377489180555	-0.250016064844828	2.25688615207389	0.0276999770137064
"OXR1"	0.357811887905556	0.388763293810345	2.25686960745367	0.0277010727209157
"MUS81"	0.249765358569445	-0.0517168829827586	2.25631637512143	0.0277377339328142
"MOXD1"	0.492287954202778	-0.471824857655172	2.25536143327673	0.0278011162837239
"RABGAP1"	0.372562790608333	0.0238342032413793	2.25350485226444	0.0279247096628008
"CNNM4"	0.221098133552778	0.240788108862069	2.25346779558587	0.0279271814770933
"RNF34"	-0.244034311333333	0.0812101292241379	-2.25074695797972	0.0281092003698078
"ABCC10"	-0.260537352547222	-0.0930493634310345	-2.24749172512277	0.0283283460180788
"SLC25A22"	-0.241238708230556	0.063010417862069	-2.2473627214778	0.028337061682912
"MGC15523"	-0.261400255597222	-0.12722537387931	-2.24706730453135	0.0283570293842406
"DEFB1"	0.682752533688889	0.913963730051724	2.24669141797622	0.0283824541215543
"MSC"	0.257338502666667	-0.410890947258621	2.24587850453956	0.0284375079602302
"CHST5"	-0.245151391388889	0.0690877402068966	-2.24385889360866	0.0285746927442148
"ZNF189"	0.346896117038889	0.0434124764827586	2.24330116207354	0.0286126802385285
"CDH18"	-1.18366619701111	-0.291500230431035	-2.24311787803178	0.0286251735771402
"PTPRM"	-0.590272393752778	0.00715693220689655	-2.23980024662397	0.0288521501187429
"SVEP1"	0.28884919865	-0.411912630896552	2.23922253277094	0.0288918365470287
"KRT16"	0.526838195797222	0.0287731534655172	2.2372169683108	0.029029984322346
"INSL3"	0.154091084027778	-0.0346533868448276	2.23448267772947	0.0292192673677164
"THEG"	0.281748697886111	-0.120376698206897	2.23432673307705	0.0292300954846404
"RAD54L2"	-0.252184128663889	-0.0479015976551724	-2.23308038061683	0.0293167640512926
"FDXR"	-0.367322961480556	0.148966790275862	-2.23268608167864	0.0293442298798872
"SLC12A9"	-0.251945411841667	0.150089344775862	-2.23146914187216	0.0294291418903513
"ARS2"	-0.152722257191667	-0.0463269645517241	-2.22940482163278	0.0295736755526502
"PTPRO"	0.224555666769444	-0.175346261137931	2.22715655742657	0.0297317998157057
"TCF3"	-0.246602366611111	-0.191585216448276	-2.2269655902244	0.0297452651471099
"CUEDC2"	-0.275801184794445	-0.0861044602931035	-2.22598803791828	0.0298142777892636
"KLHL18"	-0.207425970205556	0.0107837926896552	-2.22560346327837	0.0298414664170373
"AOC3"	0.293666017727778	-0.452206757310345	2.22462807484283	0.0299105223836354
"PDCD10"	0.313717603130556	0.0668128838793104	2.22428896479667	0.0299345638160951
"SLC24A1"	-0.208307016488889	0.0802427259827586	-2.22367113741869	0.0299784088826752
"PFAS"	-0.249140480833333	-0.146291077068966	-2.22219809902336	0.0300831737110826
"KCNQ2"	0.216715554825	-0.0833375718275862	2.22072229439162	0.0301884586638827
"POLL"	-0.180641943936111	-0.0128732121206897	-2.21965970101524	0.0302644657207564
"FLJ10213"	-0.351073462197222	0.00684624237931035	-2.21528932915984	0.0305788527704927
"PLA2G6"	-0.212674831811111	-0.0967677298103448	-2.21486985491602	0.0306091787981255
"PPP1R9A"	-0.357476021102778	0.137946367189655	-2.21355723153035	0.0307042464888348
"UPP1"	0.4002008977	-0.0936857871034483	2.21337715644429	0.0307173088129126
"C7ORF54"	-0.291653998211111	0.0429541823103448	-2.21225796585691	0.0307986026383542
"L3MBTL"	-0.256311310269444	-0.0192464415689655	-2.21047921215864	0.0309281943801161
"ABCF2"	-0.233638188811111	0.0380044172758621	-2.20684229804957	0.0311946576809825
"CERK"	0.331649681469445	-0.0507588063103448	2.20659511658271	0.0312128408429281
"CCDC92"	-0.307673677922222	-0.295710027827586	-2.20538483453198	0.0313020062724651
"GOLGA3"	-0.283951239986111	-0.0387368127413793	-2.2044111447139	0.0313739037490865
"ELAC2"	-0.180725194236111	-0.10795856062069	-2.20372821238602	0.0314244182575614
"LGALS1"	0.435778171744444	-0.267718271724138	2.20131555060822	0.031603448996991
"AKAP7"	-0.270732682633333	-0.118081066413793	-2.20071878691364	0.0316478697605403
"AUH"	0.332967150536111	0.1376409985	2.20022406031708	0.0316847368908589
"SPR"	0.37053926005	0.297521116724138	2.19969767017294	0.0317240050523176
"USE1"	-0.258754684147222	0.0250429015862069	-2.19940087578561	0.0317461644649351
"PRRG1"	0.323921004216667	0.256048829155172	2.19810918268317	0.0318427640681613
"SFI1"	-0.253587072802778	-0.083051137862069	-2.19793942832596	0.0318554783820304
"TBL1X"	0.416594905641667	0.208473005689655	2.1965723437726	0.0319580334754989
"GBA3"	-0.468548997477778	-0.086578547637931	-2.19580179858649	0.0320159655304137
"BSPRY"	0.444170700738889	0.279987285689655	2.19562307506405	0.0320294157155625
"ITGBL1"	0.532480691877778	-0.324520264586207	2.19293047781398	0.032232654107137
"DBC1"	0.564464276888889	0.00250476668965517	2.19099280034541	0.0323796110432574
"HIST1H4C"	0.321507485411111	-0.304070819672414	2.19049894595393	0.0324171598323007
"SENP3"	-0.252627627841667	-0.134024427431034	-2.18775059389708	0.0326268222659496
"ZNF467"	-0.254248193383333	0.0532984313103448	-2.18689443887921	0.0326923782095981
"TTYH1"	-0.807068920680556	-0.239624522413793	-2.18672227888899	0.0327055744882814
"DOCK3"	0.366244333761111	-0.113801188034483	2.18564560182622	0.0327882092634281
"DENND1A"	0.251960246194444	-0.0256588440862069	2.18540382714255	0.0328067906096188
"KCNK5"	0.27842642765	0.0325869545344828	2.18464928184982	0.0328648398728309
"RANBP1"	-0.246747776852778	-0.125981253689655	-2.18444827819995	0.032880318841872
"EXOC6B"	0.252740046377778	0.127170620517241	2.18436958682864	0.0328863804811581
"LGTN"	-0.367692880702778	0.163247756258621	-2.18395678983043	0.0329181945311402
"ZNF767"	-0.312892906444444	0.0312061173965517	-2.1810844737201	0.0331403113175265
"ZBTB6"	0.449107642144445	0.233336817068966	2.17980446864555	0.0332397172624156
"DNAJB4"	0.312667670208333	0.107356183327586	2.1793473385924	0.0332752815952573
"GNB2"	-0.312386346336111	0.118259782931034	-2.17634990601469	0.0335093074917656
"SRP14"	0.265074084713889	-0.110317159706897	2.17492714679964	0.0336208943938521
"QARS"	-0.331149780566667	0.221397497844828	-2.17387482551651	0.0337036373828219
"PPP1CA"	0.234788603697222	0.105133781258621	2.17217387033416	0.0338377593945443
"HEATR1"	-0.343429102313889	0.0460462178793103	-2.17032750569686	0.0339838764838515
"PCDH1"	0.195155805194445	0.165038664465517	2.16842115540893	0.0341353206859566
"SLC4A8"	-0.323381283197222	-0.0439809251034483	-2.16768181541895	0.0341942142770947
"FNBP4"	-0.318278402322222	0.133255290206897	-2.16753877543612	0.0342056186837753
"MRPL13"	0.384001063152778	0.297854815862069	2.16690710552763	0.0342560208354077
"CTPS"	-0.384694836536111	-0.120593393293103	-2.16502637512224	0.0344064734107698
"CD9"	0.292424045055556	0.273073409344828	2.16475584194197	0.0344281627760064
"DNPEP"	-0.229389678502778	0.104087813	-2.16334675389158	0.0345413268763031
"TSPAN9"	0.274807908686111	0.0278832209655172	2.1606143030249	0.0347616991785759
"FOXO4"	-0.169314296266667	0.0267688575172414	-2.16025944114959	0.0347904089382348
"UPF3A"	-0.413973834219444	0.0538091185689655	-2.15920426917069	0.0348758992947988
"SIPA1L3"	0.231401809180556	-0.131515560551724	2.15828084233303	0.0349508664658753
"TTC28"	-0.402489350930556	0.0286664736551724	-2.15678652224681	0.0350724796904602
"ADCY8"	-1.03243223246389	0.436656077396552	-2.15429984381812	0.0352756757170204
"CCDC130"	-0.309873923308333	-0.0340215583275862	-2.15374593642288	0.0353210776465274
"KRT19"	0.367166608569444	0.246524547706897	2.15160871840202	0.0354967377933064
"ARID5B"	0.397025902386111	0.0210098914482759	2.15103103820244	0.0355443489240664
"FMO2"	0.642476772905555	0.0335988444655172	2.14856990563909	0.0357478165172635
"ROD1"	0.212937293005556	-4.73239655172415e-05	2.14621622818756	0.0359433525854318
"SPINK5"	-0.521694356688889	-0.16595887287931	-2.14619899255287	0.0359447879093744
"FTHP1"	0.2998456657	0.291601799224138	2.14540370774981	0.0360110709943254
"CHMP4A"	0.221037668966667	0.231276211965517	2.14507099896064	0.0360388323239482
"TGM2"	0.382365639230556	-0.120079440293103	2.1450553609709	0.0360401376230986
"DOM3Z"	-0.278870463369445	-0.101929750448276	-2.14443877898268	0.0360916365184451
"DCLRE1A"	-0.328355981247222	0.00503871413793104	-2.14287609213327	0.0362224453008069
"IMPDH2"	-0.402617984972222	0.35690366362069	-2.14114952761248	0.0363674534995024
"ARMCX5"	-0.318469777966667	0.119979485465517	-2.14064627590058	0.0364098152332846
"KRT23"	0.847238571033334	0.746597489551724	2.13944576171977	0.0365110438923534
"SEMA3D"	0.380233338725	-0.668066576775862	2.13853785819861	0.0365877625021938
"MAPKAP1"	0.272599514544444	0.0246403747413793	2.13820809201773	0.0366156628634462
"PSMA6"	0.229661218358333	0.0526215681896552	2.13689685013994	0.0367267863881624
"PRKRIP1"	-0.188289635472222	-0.0911593402068965	-2.135223440778	0.036869030162958
"ENTPD4"	0.218602311930556	-0.0332159945689655	2.13427168344283	0.0369501462220121
"HRSP12"	0.390739538591667	0.266905568310345	2.13336458765917	0.0370276008620977
"DIXDC1"	-0.289698719747222	0.0704704987931035	-2.13335528076171	0.0370283962888673
"ARHGDIB"	0.317279017152778	0.0422557795	2.13172340797042	0.0371680973645485
"LIN28"	0.387122107355556	-0.331496579137931	2.13127155697968	0.0372068605834319
"C6ORF97"	-0.474503425405556	-0.0704881028965517	-2.13091538564109	0.0372374405378829
"NNMT"	0.849562417863889	0.33181419262069	2.13004455856429	0.0373122999088005
"TESC"	-0.277065275913889	-0.148921559258621	-2.12916050862018	0.0373884302741361
"PTPRK"	0.422166951394444	-0.0149492767068966	2.12839870397563	0.037454142123761
"EIF5A2"	0.316018433580556	-0.290169104741379	2.12715301931298	0.0375618096853623
"AGER"	-0.185380930097222	-0.0300961009137931	-2.12657448171787	0.0376119058602275
"RCL1"	-0.278981559405555	0.0955279438965517	-2.12371246234703	0.037860589403491
"POLRMT"	-0.212129967480556	-0.0390135897586207	-2.12267845695777	0.0379507870810101
"TMEPAI"	0.539860995338889	-0.135785460931034	2.12239197803418	0.0379758101480429
"ITGA4"	0.225967153277778	-0.0316502087758621	2.12051436730243	0.0381401701875338
"SLCO1A2"	-0.388381873319444	-0.311515842637931	-2.11956287998681	0.0382236968597997
"UROS"	-0.336656121636111	0.041047153	-2.11809262083422	0.0383530776767741
"PCNXL2"	-0.267020280058333	0.0185720019482759	-2.11725993623098	0.0384265219642684
"MRPL23"	-0.303729580202778	0.0685972472241379	-2.11624401193802	0.0385162942935373
"SCRN3"	0.258617452052778	0.190327813293103	2.11292537466765	0.0388108209993884
"DHRS3"	0.562171910266667	0.421130461965517	2.11102759030782	0.0389801281991724
"NFKB2"	-0.192515843477778	-0.0894791340517241	-2.1100014242926	0.0390719432931507
"CAMK1G"	-0.216926399330556	0.0185390297758621	-2.1097367840557	0.0390956522159881
"ADD3"	-0.319067758647222	-0.0271811956206897	-2.10762429742266	0.0392853578527427
"KIF1C"	-0.276790571947222	-0.0621160426034483	-2.10755053690371	0.0392919961529298
"AMHR2"	-0.340604182033333	-0.0175940999482759	-2.10722816761395	0.039321020210016
"GOLT1B"	0.276103052727778	-0.156462004655172	2.10701624062381	0.0393401109189782
"HIST1H2AE"	0.599927773658333	0.0628375181551724	2.10676435843143	0.0393628113470163
"SNCA"	0.314522369355556	-0.259027563310345	2.10597069039336	0.0394344138292635
"AP4S1"	0.292289283736111	0.111428239241379	2.10564261761763	0.0394640447260467
"SKIP"	0.167295731152778	-0.0341528485344828	2.1048450213197	0.0395361629122603
"RAB11FIP1"	0.446055149827778	0.131260156017241	2.10283716172408	0.0397182203909158
"EPHB2"	0.292062686513889	-0.236467748034483	2.10199315758047	0.0397949657731468
"SSSCA1"	0.227324788763889	0.153795176	2.10080773731803	0.039902973994348
"C14ORF131"	-0.194161204813889	0.151011599793103	-2.10036640117851	0.03994325092983
"IGF2"	1.36940647143611	-0.180785672551724	2.09980378419685	0.0399946473913069
"ASPN"	0.787119995258333	-0.638244309706897	2.0990659374542	0.0400621387067782
"NPM3"	-0.319321967016667	-0.0265305529482759	-2.09897095037868	0.040070834428254
"FRAT1"	-0.294188292883333	-0.00312943698275862	-2.09833719039282	0.0401288948757708
"SULF1"	0.831099123302778	-0.459431425396552	2.09809056437751	0.0401515087115228
"MYL6"	0.185171081038889	0.0267537590689655	2.09622756112043	0.0403226910598208
"RAB21"	0.326795617936111	0.18461049787931	2.09557236036338	0.0403830449266118
"PBX3"	0.405308172816667	-0.234315111637931	2.0950930937522	0.0404272423264952
"CABC1"	-0.269268428363889	0.052898722	-2.09350890517238	0.0405736336761915
"SERPINB3"	0.911499380327778	-0.135337582017241	2.09222884432145	0.0406922576017121
"TSPYL5"	0.782357805347223	0.0322297420862069	2.09199364577207	0.0407140863241771
"FPGT"	0.378028141488889	0.255294276793103	2.0918359333862	0.0407287292727373
"SCNN1B"	0.222858169	-0.0588234944655172	2.09070907715195	0.0408334864837497
"VCAN"	0.730088506888889	-0.394192826706897	2.09041863043318	0.0408605255298262
"MORC2"	-0.237340194375	-0.213906694327586	-2.09003964690791	0.0408958302738495
"EWSR1"	-0.176128027708333	-0.00495053851724138	-2.08924386996679	0.040970048255628
"CNOT4"	-0.184224428369444	0.0694431104655172	-2.08814880924454	0.0410723701641726
"BTN3A3"	-0.448183268483333	0.158315044465517	-2.08772085828422	0.0411124179656276
"DDX43"	-0.622289221505556	-0.337163009206897	-2.08736614422144	0.0411456379357584
"FBXW4"	-0.253044269225	0.0500337526206897	-2.08734736784937	0.0411473970453812
"KIAA0913"	-0.164466432241667	-0.115707687982759	-2.08654999539284	0.0412221611168506
"DKFZP564J102"	-0.382689846425	0.0282449270172414	-2.08507929290867	0.0413603681783043
"TMC7"	-0.262682673113889	-0.208308592172414	-2.08258932124239	0.0415952768906424
"OLFML2A"	0.376375714666667	0.0202227002758621	2.08233747860867	0.0416191005802297
"BAT2"	-0.236874297488889	-0.194068058913793	-2.07763167043612	0.0420664416995309
"RSU1"	0.263995264811111	-0.0366229782586207	2.07759310396982	0.0420701250531931
"IL11"	-0.375551793419444	-0.512063628603448	-2.0774995938883	0.0420790570487329
"NOL6"	-0.185967761894444	-0.0500998195517241	-2.07745096310842	0.0420837028656154
"PBLD"	-0.428341374597222	0.129236284327586	-2.07707611287209	0.042119528159145
"SPTLC1"	0.300300330802778	0.203422536362069	2.0753901061037	0.0422809909876903
"ITIH2"	-0.142557379425	-0.154259015413793	-2.07387717244013	0.0424263359769537
"GLS2"	-0.314833861744444	0.0333330542586207	-2.07376552683973	0.0424370787284471
"DALRD3"	-0.315692810533333	0.283271938344828	-2.07121190115724	0.0426834382486232
"NOV"	0.624684548402778	0.151293980844828	2.06959928315414	0.0428396525365251
"ENO3"	-0.208883974469445	-0.147285092517241	-2.06948409304475	0.0428508299403408
"MAPKAPK5"	-0.209273182963889	-0.0888053388103448	-2.06354182806257	0.0434308729019722
"VPS13D"	0.367639816177778	0.283264625965517	2.06343026562689	0.0434418275859707
"MAS1"	-0.276073828622222	0.000921319155172416	-2.06325005921369	0.0434595277040441
"SLC22A4"	-0.477866347441667	0.255950778068965	-2.06272052123741	0.0435115757919611
"ZNF510"	0.250108374425	0.0195542499137931	2.06236998644798	0.0435460594134529
"CYP2C8"	-0.173827155941667	-0.0441453239655172	-2.0620985504282	0.0435727780044032
"SEP15"	0.201695014416667	0.220419023724138	2.06132740163508	0.0436487629045922
"UBE1DC1"	-0.246010032486111	0.0520220252586207	-2.0604536208176	0.0437349992596879
"CRISPLD2"	0.397660738297222	-0.494588475810345	2.06027008118477	0.0437531321370708
"CHEK2"	-0.377317316611111	-0.0712805605689655	-2.06019048584561	0.0437609978163516
"POSTN"	1.31047099655278	-0.667410767793103	2.05901600112373	0.0438772037925061
"ESR2"	-0.291309973413889	0.177968070051724	-2.05867602591776	0.0439108914680758
"KPNA4"	0.254496100769444	-0.0270378013103448	2.05515841987317	0.0442607625093488
"PRKD1"	0.430448309686111	-0.21671995212069	2.05402573563845	0.0443739347404762
"USP21"	-0.265849414072222	0.0383040597758621	-2.05365743027794	0.0444107878990954
"PTPRD"	0.246299127733333	-0.227042486068966	2.0535146742296	0.0444250793918227
"TBXA2R"	0.239011615663889	-0.13078241212069	2.05318587150953	0.0444580113942095
"C1GALT1"	0.400724980383333	0.0547337758965517	2.05245591067566	0.0445311978175616
"HSPC152"	0.241647094322222	0.0575674492241379	2.0522947669652	0.0445473682431363
"LOC339047"	-0.378290563191667	0.0482012219137931	-2.05076689379355	0.0447009395879847
"EEF1A2"	0.398995221313889	-0.0128106617586207	2.05043723984195	0.0447341341332058
"EAF2"	0.288623280955556	-0.118476896534483	2.04987503808379	0.0447907942889655
"CEACAM3"	-0.0875964194833333	-0.0106702045517241	-2.04945020477803	0.0448336512521424
"FBN1"	0.402569398991667	-0.343562324103448	2.04894474466485	0.04488468799416
"TANC2"	0.221765640336111	-0.125800381310345	2.04665677457986	0.0451163351158113
"FAM115A"	-0.288816321766667	-0.0337562574827586	-2.04585015436696	0.0451982479769093
"ALAD"	0.260863309997222	0.0839325246896552	2.04425524371042	0.0453605907266607
"C9ORF3"	0.372316951438889	0.166222635551724	2.04400427790979	0.0453861818620752
"S100A10"	0.474424850780556	-0.0594135947068966	2.04311142649872	0.0454773276403597
"BMS1"	-0.211915429038889	-0.044452076137931	-2.04266526776107	0.0455229325097349
"MBD1"	-0.210294764011111	0.00335532212068965	-2.04115394127985	0.0456777090484218
"OPRS1"	-0.225057634111111	-0.0459131256551724	-2.04096815879185	0.0456967665692211
"SERPINA1"	0.647806014291667	0.262946230189655	2.04031297400517	0.0457640300931441
"MGC4294"	0.550082318922222	-0.255040738275862	2.03945697183803	0.045852039065488
"IFT74"	-0.394582132377778	0.0168005777586207	-2.0383310864788	0.0459680183468094
"AVPR2"	0.265937466194445	0.112017823344828	2.03811361744357	0.0459904493547464
"OAS3"	-0.488440779997222	0.0500115021206896	-2.03766710329734	0.0460365350227753
"LAMP2"	0.30308095765	0.202557733896552	2.03673214733855	0.0461331629856054
"NEDD4"	0.240340076336111	-0.103203029172414	2.03516480715356	0.0462955408825173
"INSL5"	-0.124443598019444	-0.00855238839655172	-2.03509301728971	0.0463029901810705
"LYPD3"	0.465766105194444	-0.111932554137931	2.0350034504964	0.0463122855592384
"PDCD4"	-0.271830716436111	0.2266294405	-2.03495880204832	0.0463169198447601
"GPR63"	-0.198414951697222	-0.091141045	-2.03376724845015	0.0464407451242194
"YIF1A"	0.260077681291667	0.196958867534483	2.03344135511606	0.0464746614131175
"SLC19A3"	0.368645138794445	0.278703314689655	2.03242065295695	0.0465810260348976
"SH2B1"	-0.207409903436111	-0.00459359189655173	-2.0311331423615	0.0467154936074276
"DRD1"	0.0854442545638889	-0.0539780537241379	2.03058946105838	0.0467723761669005
"ITGB3"	0.354836931944444	0.0317692829655172	2.03052997217575	0.046778603806152
"KIAA0828"	-0.224425510038889	0.0692352979310345	-2.03037570134169	0.0467947570998453
"PCSK5"	0.377455894063889	-0.267718794810345	2.02805658266388	0.0470381664520292
"SCARB1"	-0.224002620258333	-0.022644785137931	-2.02781035127536	0.0470640743472452
"FABP6"	-0.995294592619445	-0.198063441068966	-2.02696369757099	0.0471532512184245
"ABCB8"	-0.167843785736111	-0.0915449456206897	-2.0245567327499	0.0474075699229941
"MSH5"	-0.291408965536111	0.0133858907586207	-2.02330265438766	0.0475405431747916
"RPA4"	-0.364265458227778	-0.0945952358793103	-2.02037433863351	0.0478522926585889
"KIAA0196"	0.315223996491667	0.317104898017241	2.02000161249921	0.0478920993121802
"FAM38B"	0.312087772741667	-0.342377840551724	2.01918146353089	0.0479797906034536
"DPT"	0.518917884738889	-0.28910772137931	2.01871497615973	0.0480297296733369
"CRTAP"	-0.238811664558333	0.213895206862069	-2.01864068796789	0.0480376866106008
"HSPA2"	0.451562421277778	-0.304408652224138	2.01832032996428	0.0480720128597134
"SLURP1"	0.406380411925	0.113702601948276	2.01705885206847	0.0482073852788317
"MCPH1"	0.2282552477	0.0311027237931034	2.01661183069637	0.0482554350172518
"TMEM80"	-0.250426155866667	0.208547834034483	-2.01627307979309	0.048291874373464
"FGFBP1"	0.60819295365	0.269879911189655	2.01541242938578	0.0483845609473134
"NDRG1"	0.46135808015	0.382290329689655	2.01422805035507	0.0485123614752931
"TXNRD2"	-0.184491886369444	0.00658279925862069	-2.01303624434701	0.0486412567013684
"PRR16"	0.272871868025	-0.179690881689655	2.01253872982711	0.0486951506494505
"GHITM"	0.242937457577778	0.288665342086207	2.01126909049174	0.0488329191185849
"PEX6"	-0.407308068136111	0.211713055344828	-2.01104650516045	0.0488571063681019
"CXXC1"	-0.252342080772222	-0.0439698715	-2.01096747487907	0.0488656966789008
"GNE"	0.409988252677778	-0.203050793310345	2.01082716155193	0.0488809514419538
"MED12"	-0.201723107219444	-0.101911418155172	-2.01031871060083	0.0489362642012263
"PELP1"	-0.208623639911111	-0.225274547758621	-2.0092588525531	0.0490517359719756
"MT1E"	0.753378314227778	0.155755139086207	2.00874334194159	0.0491079856731905
"ACTA1"	0.355653930830556	-0.248322588931034	2.00861539526795	0.0491219551092783
"RBM5"	-0.271474198713889	0.141691940931034	-2.00728719478436	0.0492671723938992
"REV3L"	-0.300792992527778	-0.139920011155172	-2.00697786792011	0.0493010452673617
"LRRC48"	-0.480170256236111	0.121686401241379	-2.00681853814521	0.0493185005085783
"ARF5"	-0.292182775266667	0.0097395125862069	-2.00570479620631	0.0494406641118065
"DHX38"	-0.204604420933333	-0.053463918637931	-2.00567697838498	0.0494437187086476
"PSCD3"	0.266755413894445	-0.246829340517241	2.00536674475695	0.0494777955932088
"CARS"	-0.319587000316667	0.041190774137931	-2.00470229079059	0.0495508489478245
"FGF1"	0.291148338208333	-0.349211109551724	2.00418484011759	0.0496078042649002
"LDLRAP1"	0.216649719061111	0.0487281957586207	2.00391406296698	0.0496376308875654
"IL8RB"	-0.122041447341667	-0.0326780352586207	-2.00325767250959	0.0497099975638787
"PSME4"	-0.251383808005556	-0.0560699846034483	-2.00317398279979	0.0497192308244934
"WDR18"	-0.269386811161111	-0.0669537439137931	-2.00311728230391	0.0497254872756788
"CTAGE1"	-0.150626254975	0.0291111583448276	-2.00191343929578	0.0498584816788051
"RARRES1"	0.827134999258333	0.190710046310345	2.00171129380296	0.0498808436364942
"GNAI3"	0.239807130688889	0.182400783827586	2.00146192347539	0.0499084416296722
