"logFC"	"AveExpr"	"t"	"P.Value"
"C16ORF5"	0.443674826807018	0.0859000767857143	4.10915034895417	0.000127203126385834
"MAD1L1"	0.602555436195906	-0.0338536894107143	3.88378063070744	0.000267642018945591
"NLGN1"	-0.77401433895614	-0.157706006946429	-3.67259047659859	0.000527425336011
"SERGEF"	0.36874242545614	-0.10405987475	3.63641980410023	0.000591262741533771
"ARMC9"	0.294024251707602	0.207379320428571	3.61447535559657	0.000633520663681252
"SEMA4A"	-0.507398677137427	-0.0229635169107143	-3.5770102102515	0.000712405463700973
"FCGBP"	1.0661487229883	0.08037401025	3.55892614113779	0.000753752812216596
"PRLR"	-0.510703397719298	-0.071614899	-3.50327844878184	0.000895805497646307
"SNAP25"	0.606698615885965	0.0677248898392857	3.48988508401974	0.000933614476547124
"PRKAR1B"	0.385129966149123	-0.142007672482143	3.45889976170476	0.00102698173252668
"PANK3"	-0.449585332891813	0.259122555160714	-3.4527856985318	0.00104642353947831
"EIF3F"	0.365826109146199	0.0418538927857143	3.39312730809459	0.00125537129415132
"ASB13"	0.394539407102339	-0.0938534691607143	3.39169740928813	0.00126083443187759
"PIK3CD"	0.277136958394737	0.196600793732143	3.26311623811714	0.00185545404266787
"TGFBRAP1"	0.293507737482456	0.0132570669464286	3.2453784944847	0.00195575528739223
"EED"	-0.374395905959064	0.0252840210357143	-3.21797303629815	0.00212081844642887
"GCK"	0.505748467149123	-0.140495049017857	3.19499361087658	0.00226923804238966
"CCDC53"	0.411451652730994	0.0436528051071429	3.16885941897827	0.0024498816875595
"PYGB"	0.468904890988304	-0.0694216034642857	3.15124551104338	0.00257915664038208
"ENY2"	-0.445748646339181	0.160647315285714	-3.14437902340179	0.0026312648149147
"TCTN3"	0.293733832225146	0.048692951625	3.13264596843671	0.00272259577297576
"SLC2A10"	0.384151060023392	0.248770373357143	3.11104940811942	0.00289852146388115
"TAF1C"	0.230260976327485	-0.153232796928571	3.10840563699627	0.00292077461211519
"CREBL2"	0.39352545052924	0.188102114410714	3.06260418243022	0.00333260303213158
"MBTPS1"	0.269248965122807	0.0731008024285714	3.03038733134408	0.00365413295546325
"NEK11"	0.394404062096491	-0.205697591017857	3.02513060246454	0.00370926550486196
"NPR2"	0.322780877292398	-0.196829750964286	3.02386083422017	0.00372269867861211
"HTRA1"	0.433879810207603	0.849500386303571	3.02353557546784	0.00372614695925073
"ACOT11"	0.267009222447368	-0.152139746517857	3.02263582328266	0.00373570134489502
"CD200"	0.80264822525731	0.00491629053571429	3.02207675402054	0.00374164955393927
"ABHD3"	-0.460579783807018	0.179759458535714	-2.98260780205476	0.00418461281579837
"CLIP3"	0.466333385836257	0.226615240571429	2.98192475425652	0.00419269180202715
"PPARGC1A"	-0.538671083295322	-0.0246293735892857	-2.97681546600805	0.00425358569397743
"AP3B2"	0.336180381909357	-0.206376020232143	2.9615113430282	0.00444094388468452
"DEGS1"	0.423959579450293	0.210603403571429	2.93608734948268	0.00476923914649703
"NOV"	-0.811911638356725	0.328623027535714	-2.93276269039818	0.00481379862099243
"PLSCR3"	0.323537874763158	0.250432397625	2.92348388697508	0.00494021270821134
"PARVA"	0.291060638687134	0.504157395160714	2.92149528883538	0.00496770312669299
"TCTN1"	0.360750363842105	-0.05013621675	2.9123864603074	0.00509544721597358
"MAST3"	0.382694818359649	-0.125994807267857	2.89549966999295	0.00534036423851687
"BMP4"	0.574910861479533	0.853729716535714	2.89252347743145	0.0053846439153972
"TEAD1"	0.373452466663743	0.196338903303571	2.88950685520718	0.00542987199967153
"SFTPD"	1.13452153692398	0.262923703	2.88828003502817	0.00544836611330004
"VPS39"	0.236337911225146	0.122097816232143	2.88286250047866	0.00553073431639284
"RARRES2"	0.442445605643275	0.987246946035714	2.87650490630678	0.00562886510442082
"ITIH3"	0.616727751251462	-0.00776217792857143	2.87173745846833	0.0057035063614618
"IL1RAPL2"	-0.28700158398538	-0.065587352375	-2.85995297868763	0.00589195687662675
"GRHL2"	-0.549144474298246	-0.15260904425	-2.83778286588266	0.00626218083056612
"AQP5"	-0.601758695111111	-0.140150268714286	-2.82933438698235	0.00640883269078867
"ALDH3A1"	0.276781629555555	-0.313611618214286	2.82901955111413	0.00641435852332363
"LILRB5"	-0.164776461687134	0.00538720744642857	-2.8285521355002	0.00642257046764122
"CROT"	0.341455505090643	0.0341431168392857	2.82625092658106	0.00646314170452154
"CIDEB"	0.25918939305848	-0.0795429161071429	2.82328146277448	0.00651584412813627
"C20ORF3"	0.289591846239766	0.08297841375	2.82159678586137	0.00654592003970351
"ANXA4"	0.447706371669591	0.120719668017857	2.80656105016097	0.0068200765327151
"SFN"	-0.562242882885965	-0.120102814589286	-2.80042106390317	0.00693504507104492
"NUDCD3"	0.293276639564327	-0.0821637050535714	2.79625952728486	0.00701398078519237
"SLC29A3"	0.309824689397661	-0.0541364260357143	2.7927824902183	0.00708056688362298
"TMPRSS4"	-1.01318904287134	0.272796716678571	-2.78368768467684	0.00725749780694626
"POLD3"	-0.323449226321638	-0.0803388970357143	-2.78212725956204	0.0072882604660639
"FMNL1"	0.26911982781579	0.225997785482143	2.77608141220763	0.00740858703071569
"CALCOCO1"	0.289394394739766	0.119822573696429	2.77583500759593	0.00741352961978935
"SFRS6"	0.408691314666667	0.114505308428571	2.77006337657786	0.00753017334598361
"SQLE"	-0.537885090251462	0.184442705321429	-2.76994930979975	0.0075324955392314
"GCHFR"	-0.514025373423977	-0.0598511965892857	-2.76721839996455	0.00758828900280537
"C1RL"	0.451275032353801	0.119532293839286	2.7668649535671	0.00759553775730715
"POLM"	0.312207940020468	-0.0215434319821429	2.76143113557472	0.00770778333846551
"CX3CR1"	0.717240178681287	0.460933420767857	2.75649622410616	0.00781104265177164
"LAPTM4B"	-0.420871938073099	0.496694756375	-2.75288218605167	0.00788746866849113
"PLXNA2"	-0.304298273599415	0.0535445108392857	-2.74991398932643	0.00795075043626486
"MTERFD1"	-0.395725515707602	0.0228572080714286	-2.73616153024654	0.00825008464675044
"LYPLA1"	-0.371714557070175	0.148446427178571	-2.72971309764415	0.00839397367259057
"RAD54B"	-0.42259198272807	-0.0998599014107143	-2.72893707115738	0.0084114441713591
"NAGPA"	0.391511166897661	0.0336419192321429	2.72306541106578	0.00854471668391382
"KIAA0652"	0.267287823	0.0614777641071429	2.71819291216559	0.00865677836322601
"ANAPC10"	-0.346915947862573	0.138930609946429	-2.7109272315051	0.00882638534621078
"RHOG"	0.344980007976608	0.221911823214286	2.71035874607578	0.0088397834926476
"AQP6"	-0.125150686122807	-0.0828806469642857	-2.69141305899039	0.00929710242133061
"SFXN3"	0.22096385952924	0.284185250232143	2.6903737888113	0.00932280474306298
"WASL"	-0.207867931511696	-0.0921351109821429	-2.6877844364985	0.0093871255230081
"CALB1"	-1.31220507601754	0.173601807178571	-2.68332017419844	0.00949897454610609
"ZMIZ1"	0.408828476666667	0.0495425822142857	2.67772941580242	0.00964076669111545
"H2AFX"	-0.26925211828655	-0.191983659392857	-2.67604039977023	0.00968398257368218
"MTDH"	-0.317552191380117	0.222405305928571	-2.67475649529104	0.00971695155185595
"PTPN18"	0.255609528230994	-0.158390731339286	2.67143935869784	0.00980260701396721
"GIP"	0.176135007657895	-0.00902798076785714	2.66578034100883	0.00995032977968457
"CDH22"	0.221945087473684	-0.0272584575714286	2.66571879342889	0.00995194754162472
"PRSS23"	-0.481555446526315	0.659114851785714	-2.66562798933501	0.00995433474231221
"MMP10"	-1.83744546744152	0.840547361875	-2.66222189333073	0.0100442584445527
"ST5"	0.374776126847953	0.0126241968214286	2.66178980324862	0.0100557188779392
"C2ORF42"	0.263467106915205	0.0224796782678571	2.66114255078034	0.0100729084733052
"FTO"	0.260260985131579	0.237798522017857	2.65871617397348	0.010137586928212
"WDHD1"	-0.331694896116959	-0.0391187582142857	-2.65627592267133	0.0102030176919104
"CRYAB"	0.644128104307018	0.454732670410714	2.64983971126809	0.0103774472734906
"WWOX"	0.229058466994152	-0.156513677285714	2.64947298596275	0.0103874675168265
"PYGL"	0.344792660274854	0.0617614066785714	2.64722817563914	0.0104489965150954
"TUBAL3"	0.615296881418129	-0.166117605875	2.64485444014418	0.0105144210482755
"AHR"	0.35740392655848	0.177926741589286	2.64209517498033	0.0105909412820308
"TMEM9B"	0.275058597652047	0.218627225839286	2.63865999082834	0.0106869162410958
"FBXO41"	0.403482658307018	-0.122711661017857	2.63572009448624	0.0107696828686819
"VPS41"	0.317202720011696	0.0883693458571429	2.63297193232276	0.0108475799436039
"BBS9"	0.314094281891813	-0.005933836625	2.63238516344598	0.0108642784242378
"MCM4"	-0.460979240233918	-0.129881118357143	-2.62331800059039	0.0111253123045367
"RAD21"	-0.390740863681287	0.192403739125	-2.61930271114918	0.0112427240735129
"C14ORF143"	-0.266729333885965	0.0190610638035714	-2.61388975408216	0.0114027922852831
"ALDH18A1"	0.271687304780702	0.129810603803571	2.61287270955983	0.0114330982701223
"PAX9"	-0.563676379347953	-0.273211570625	-2.61224470046404	0.0114518483577982
"CDC14B"	0.228997738862573	0.00383259958928571	2.61150759422157	0.0114738914150553
"SLC3A2"	-0.317696857874269	0.0853823605892857	-2.6107154724706	0.0114976227707034
"SCN9A"	-0.467252523982456	0.0618299450357143	-2.60967161944384	0.0115289640604112
"PPL"	0.496881838245614	0.418441751357143	2.60896662099122	0.0115501753612239
"VRK1"	-0.43052932501462	0.0299827618392857	-2.60889685713506	0.011552276278507
"DFNA5"	0.417622341096492	0.430159317232143	2.60570926195065	0.0116486416847634
"PSKH1"	0.287928437084795	0.0369710542321429	2.60498920163803	0.0116705111747382
"SLC14A1"	-0.936027736599415	0.0258715645178571	-2.60498032963866	0.0116707808657932
"ANP32E"	-0.343284321570176	0.0548919646607143	-2.60442489762573	0.0116876761884211
"FOXA2"	-0.501832338476608	-0.496238186232143	-2.60310415284108	0.0117279405046785
"TMEM126B"	-0.334140176508772	0.11976906175	-2.60230193107681	0.011752458681856
"SYT17"	0.442564581763158	-0.112441320482143	2.59971920532623	0.0118317113013145
"IKBKG"	0.248042448921053	-0.0904335329107143	2.59849974888953	0.011869299867927
"REC8"	0.528728602304093	-0.317554634714286	2.59770707666221	0.0118937914570746
"RIC3"	0.602707931959064	-0.143660545178571	2.59020326664552	0.0121279283371322
"C8G"	0.398448280763158	-0.545627170589286	2.58983763661497	0.0121394432445057
"C1QTNF1"	0.369420072076024	0.577281401392857	2.58982006915829	0.012139996752444
"BRE"	0.20807695580117	0.141330063071429	2.58878560312924	0.0121726307581661
"ARNTL"	0.294354395576024	0.404931272732143	2.58810267357755	0.0121942186317903
"HPS5"	0.323206568064327	0.292495368607143	2.58809265449572	0.0121945356007925
"RNPEPL1"	0.186164455760234	-0.07858590375	2.58266576307041	0.0123673286287704
"SIM2"	-0.52396998055848	-0.085518070375	-2.58244242536883	0.0123744871769625
"PI4K2A"	0.210781816830409	0.0839229042142857	2.57381061122193	0.012654060880621
"C10ORF59"	0.429395209046783	-0.105171232035714	2.57328330932539	0.0126713240610475
"CHML"	-0.463051556304093	0.0807479842857143	-2.56769850285269	0.0128554807429857
"PRPF3"	-0.258058940207602	-0.142035246732143	-2.56438135517463	0.0129660092428572
"TPD52"	-0.374522296540936	0.0557056490178571	-2.55041122785832	0.0134410254986799
"RASA4"	0.278953430850877	-0.130826250910714	2.54818635523759	0.0135181164669284
"SIX1"	-0.950643389725146	-0.18136935675	-2.54565297804636	0.0136063849259955
"AP2B1"	0.242849554046784	0.178002115071429	2.54110537559858	0.0137661450399438
"RAD51L3"	0.182612252687134	-0.011476989125	2.53665071287158	0.0139242862080734
"C11ORF73"	-0.360294174690058	0.232898495214286	-2.52808259346661	0.0142330899839875
"CELSR2"	0.380895320298246	-0.0802574204642857	2.5271524367366	0.0142669841564246
"TSEN34"	-0.398205991602339	0.0385387706428571	-2.52014252954954	0.0145247787278082
"FMO4"	0.282714247804094	0.124900686267857	2.51940155591846	0.0145522734218638
"KIFC3"	0.382942922961988	0.281846898982143	2.51593630793689	0.0146814815119578
"KIAA0174"	0.223213291581871	0.0891654174107143	2.5135231840114	0.0147720711591779
"APRT"	0.358168757622807	-0.134774182696429	2.51174737689324	0.0148390581973698
"POLR2K"	-0.335458694207602	0.142133744410714	-2.50887596979379	0.0149479547505702
"LCAT"	0.315825468391813	-0.0595371218214286	2.5082625511882	0.0149713117582543
"P2RX7"	0.267874114032164	0.251155580375	2.50763261507281	0.0149953320291825
"MRPL15"	-0.368874348657895	-0.0343946752678571	-2.5060011042744	0.0150577056489675
"DHX38"	0.192753279584795	-0.102866831678571	2.50580486623012	0.015065223721401
"KIF3C"	0.317381058710526	0.118538451089286	2.50268189507464	0.0151853252483372
"ZNF702"	-0.362379483573099	0.0718764934642857	-2.50244432694845	0.0151944968274696
"RCAN1"	0.373423780345029	0.533371543964286	2.49773751729165	0.01537724326844
"TTC35"	-0.361180929201754	0.325619046767857	-2.4950138972203	0.0154838949332188
"DRG2"	0.257014713701754	-0.0321074196071429	2.48727064450753	0.0157907641669597
"SLC29A2"	-0.234898087248538	-0.234816701089286	-2.48376177411644	0.0159316211997575
"CHCHD8"	-0.328671808473684	-0.0421589093928571	-2.48087393470599	0.0160483974417699
"CHEK1"	-0.43400132124269	0.0542021649464286	-2.48076948381397	0.0160526355784061
"ZDHHC7"	0.235251594596491	0.145103791714286	2.48017475928749	0.0160767860079962
"CPZ"	0.419235190219298	0.528979799232143	2.4792400224069	0.0161148098132026
"FLJ21062"	0.334207696736842	-0.253037746714286	2.47842316026936	0.016148105028567
"TAF2"	-0.298185762119883	0.172367472803571	-2.47771443892521	0.0161770426868002
"NFIX"	0.298373944561403	-0.0780358066428571	2.47768333181862	0.0161783138854694
"FLNC"	0.445810965552632	0.447381898232143	2.47559765211063	0.0162637514138738
"SPINK1"	-0.60020122527193	0.0380602146964286	-2.47274274053607	0.0163813592032924
"SAV1"	0.278837926605263	-0.0436249931964286	2.47123280585312	0.0164438702765785
"KCNK12"	0.403349266245614	-0.196160431142857	2.47069281517015	0.0164662779542998
"FOXC1"	-0.584462739046784	0.0928497138928571	-2.4689773605942	0.0165376458724929
"DCC1"	-0.393941546502924	0.0465174669285714	-2.466580719569	0.0166378199118273
"HMG4L"	-0.312810070309942	-0.0904885406071429	-2.46186620693728	0.0168364726018544
"HYDIN"	0.371354258055556	-0.276259858839286	2.45935346115201	0.0169432211785308
"MGC3196"	-0.329954112289474	-0.205008927160714	-2.4577783736517	0.0170104457475027
"DCLK1"	-0.549125032154971	0.468920813089286	-2.45541774186668	0.0171116469946175
"ACTR1B"	0.242407128865497	-0.150028530285714	2.44737765313424	0.0174604080801402
"PCDHA9"	-0.238607493026316	-0.0847496480892857	-2.44428162470293	0.0175964033844556
"ZNF576"	-0.301171603377193	-0.0274333515178571	-2.44206673937588	0.017694277620038
"PARVB"	0.281403788251462	0.0803287001785714	2.43875212933438	0.0178416625556061
"CELSR3"	0.246146441897661	-0.286508908160714	2.4352019938732	0.0180007434446255
"TRIM2"	-0.465143711374269	0.0940272626071429	-2.43315143723399	0.0180932082332719
"YKT6"	0.36282392972807	0.132870046017857	2.43250917296048	0.0181222572080138
"WNT2B"	0.547513691555555	-0.317223412785714	2.42999159375173	0.0182365293293345
"DUSP10"	-0.509849210982456	0.326694671785714	-2.42484329234837	0.018472226573866
"RGS4"	0.573900950195906	1.11621188258929	2.42275045774545	0.0185688192952772
"MMP1"	-1.26297930034503	0.842474466035714	-2.41758447825555	0.0188091940441433
"FES"	0.239756516538012	-0.144822523714286	2.41201183658846	0.0190716186169242
"SOX12"	0.367638888356725	-0.255111658892857	2.4118984512259	0.0190769920419444
"NPPC"	-0.241397509894737	-0.132249183357143	-2.41107523675149	0.0191160455902674
"COBL"	0.440501762356725	-0.655528231892857	2.41016290367784	0.0191594107178583
"VAV3"	-0.860396526654971	0.178131229785714	-2.40822769413932	0.0192516875329708
"KPNA1"	0.276167445350877	0.15386251525	2.40551687247838	0.0193816181122115
"OR3A2"	0.393598693918128	-0.124413535571429	2.40216815524738	0.0195432084077431
"PGPEP1"	0.220115048950292	-0.118681924660714	2.39981779887149	0.0196573435407648
"RAB27B"	-0.517012221011696	-0.193172349821429	-2.39683488732758	0.0198030559843791
"MLPH"	0.533028946210526	-0.2702887985	2.39666832002611	0.0198112210964342
"MGC16824"	0.271637800725146	0.0280043172857143	2.39583817971909	0.0198519594805509
"GPR37"	-0.652192522716375	0.0223369162321429	-2.39568500404046	0.0198594846343697
"URG4"	0.297131485362573	-0.208801944107143	2.39352990464143	0.019965630724538
"NELF"	0.29162512269883	-0.0359541923392857	2.39210243629248	0.020036217949805
"SSX5"	0.289971415707602	-0.239401960357143	2.39191205295259	0.0200456491336995
"FAM59A"	-0.498529793567252	0.00413190992857142	-2.3908236976697	0.0200996402941089
"C19ORF29"	0.234217055836257	-0.206304334785714	2.39075028230418	0.0201032869696743
"MICAL1"	0.208303620187135	0.194326209928571	2.38854482904546	0.020213112459549
"C7ORF26"	0.25954588054386	-0.100029937107143	2.38818100789329	0.0202312812763412
"LIPG"	-0.50433735528655	0.226979374214286	-2.38766044905352	0.0202573028219979
"CNNM3"	0.221697590982456	-0.237201366857143	2.38747768418661	0.02026644592369
"TK2"	0.220572392181287	0.135235031178571	2.38675806003851	0.0203024821810226
"SPCS2"	-0.266786584923976	0.1632354005	-2.385608505472	0.0203601668566546
"GRIN2A"	0.383610350891813	-0.077026615375	2.38408056761887	0.0204370658790003
"APOBEC3A"	-0.618497032815789	0.174018555125	-2.38145990654271	0.0205695655872798
"MC1R"	0.410008387953216	0.257115117571429	2.38073745159011	0.0206062275598399
"RNF14"	-0.256125965435672	0.214539070982143	-2.37880642924922	0.0207045070825423
"BDH2"	0.333265514754386	0.0947174038928571	2.37676757203547	0.0208087297585113
"EPHB3"	-0.454382132935673	0.359819183285714	-2.37629598615745	0.0208329030903303
"PCBP1"	0.22509393145614	0.0513523130357143	2.37385418668857	0.0209584710388695
"ILK"	0.199329008622807	0.181847000196429	2.37313186434791	0.0209957454825065
"UBE3B"	0.231237715298246	0.0921344948571429	2.37248643857093	0.0210291019178118
"RAD1"	-0.363026818087719	0.115683719392857	-2.37178777053116	0.0210652633791926
"ABAT"	0.498693026423977	-0.209218974303571	2.36983535430387	0.0211666108987159
"RAB11FIP5"	0.321426572184211	0.208147045732143	2.3691643550407	0.0212015421470887
"LRRC50"	0.393352783131579	-0.490334926982143	2.36455649235968	0.0214428157792052
"COX6C"	-0.370394683149123	0.137371151946429	-2.36210515915316	0.0215721678822649
"RBM35A"	-0.417963938745614	0.133261284839286	-2.36185085981043	0.0215856265913755
"INDO"	-0.800963334172515	-0.019960697875	-2.35984679112728	0.0216919539986247
"SPRR1B"	-1.09222226060819	0.154838239642857	-2.35960109224292	0.0217050218796559
"FTCD"	0.374199454479532	-0.510182083285714	2.35937427137319	0.0217170919445434
"MLXIP"	0.209293426769006	0.170449092517857	2.35202119492366	0.0221116401545791
"CD55"	-0.541097255309941	0.242959463642857	-2.35146730273615	0.0221416181842726
"RBCK1"	0.32093702175731	-0.115067807946429	2.34904693057767	0.0222730407448987
"CASP3"	-0.243884922479532	0.102497676142857	-2.34551037920225	0.022466321694119
"MON1B"	0.181734428833333	-0.118143838160714	2.34547093486498	0.0224684858313104
"KCNK15"	0.464019268365497	0.00489216012500001	2.34381073784589	0.0225597423188305
"MTMR14"	0.251432217871345	-0.0213642047142857	2.34356440661221	0.0225733105975935
"MARCH6"	-0.342656688163743	0.0712047727857143	-2.34023920907203	0.0227571807409664
"PTTG1"	-0.477593625991228	-0.100506145767857	-2.3383429318629	0.0228626341222916
"KCNN2"	-0.212745725730994	-0.0449601038571429	-2.33518438226417	0.023039250691415
"TCF25"	0.226458168561403	0.0373625727142857	2.33360420846124	0.0231280647287183
"DPP6"	0.413400633730994	0.0575670987857143	2.33313293913213	0.0231546115247878
"AZIN1"	-0.319921276195906	0.153276157196429	-2.32995004930172	0.0233346169901526
"ZNF132"	0.225545170599415	-0.0873368342321429	2.32868186941186	0.0234066843275058
"GSPT2"	0.434782866733918	0.147119570446429	2.32868186748606	0.0234066844370945
"MATN2"	-0.630908627204679	-0.136478671428571	-2.3274951734904	0.0234743006130944
"ZNF528"	-0.386327550722222	-0.0267835467321429	-2.32745279319174	0.0234767185974357
"CDC6"	-0.373866746192982	0.102524152392857	-2.32633238161768	0.023540723550734
"CHST10"	0.327168537532164	-0.120750729785714	2.32529374979014	0.0236001954662294
"CLEC16A"	0.270496149181287	0.108724021071429	2.32265303909594	0.0237520050497265
"AHCYL1"	0.284419770502924	-0.0564252904285714	2.3207926706918	0.0238594754900866
"PCLO"	-0.197200611333333	-0.191417230785714	-2.31993694477787	0.0239090545361906
"SLC16A4"	0.347596135122807	0.118529344857143	2.3196584257889	0.0239252111342863
"SUB1"	-0.333817877295322	0.0543291457678571	-2.31870932580703	0.0239803404316462
"SAT1"	-0.375614064909356	0.250642509839286	-2.31851648349522	0.0239915556521724
"PODXL"	0.547967100897661	0.144910994589286	2.31832354429819	0.0240027811778678
"WHSC1"	-0.298201008406433	0.00648194355357143	-2.31715214187097	0.0240710357124461
"PEMT"	0.268904391192982	-0.0146880562142857	2.31661493800272	0.0241023948823231
"LGALS2"	0.541147052342105	0.00668821662499999	2.31578403000414	0.0241509705616061
"RRP12"	0.194303239371345	-0.126773996160714	2.31544832752168	0.0241706207394596
"LTA4H"	0.358514923605263	0.040557344125	2.31540710243925	0.02417303480943
"CTSC"	-0.356446137026316	0.291494798910714	-2.31513968636667	0.0241886994437957
"MAPK7"	0.193781906915205	0.0399387269821429	2.31413703800509	0.0242475127669256
"ATP6V1B1"	0.608462020508772	-0.160846386821429	2.31319860346329	0.0243026746389681
"ANKRD27"	0.402066512055556	0.0936096510892857	2.31082899412177	0.0244424590429186
"TMEM43"	0.222633760201755	0.138207693625	2.30984901316839	0.0245004772611795
"P53AIP1"	0.183265139269006	-0.18558692075	2.30311028601051	0.024902759381948
"CA5A"	0.265914482900585	-0.281562148428571	2.30224401030372	0.0249548969697325
"SAR1B"	-0.347829543333333	0.108328322285714	-2.30102009385783	0.0250287247998474
"POLD2"	0.313146584309941	-0.290197249678571	2.30092977414034	0.0250341806533911
"HPD"	0.413918113157895	-0.258969220857143	2.30068309639302	0.0250490868550287
"SARS"	0.278622432020468	0.125813933660714	2.29984315119688	0.0250999020737618
"GPRIN2"	0.436648376459064	-0.206514285375	2.29973366438274	0.0251065325766234
"NACAD"	0.357271243856725	0.0300864879464286	2.29898494806812	0.0251519164238078
"FLJ20433"	0.226422992953216	-0.158209629178571	2.29825104416216	0.0251964731150626
"CPVL"	0.452438292491228	0.576736801357143	2.29538037806579	0.0253714308067636
"CD33"	0.433673770614035	0.428568122607143	2.29327296745389	0.025500556369189
"PRSS22"	-0.344178863342105	-0.00650308751785714	-2.29324550041616	0.0255022431780426
"THBS3"	0.359749334371345	0.0702057673035714	2.2911023118549	0.0256341667050614
"MGRN1"	0.325490040666667	0.0388548712857143	2.2899334540018	0.0257063704739309
"TNFRSF21"	-0.351698935856725	0.247955345553571	-2.28901196882265	0.0257634204884643
"COL8A2"	0.488964850839182	0.948222660089286	2.28770889784435	0.0258442866139967
"CCT5"	-0.314614609090643	0.0850156525178571	-2.28761324482477	0.0258502315233738
"SPR"	0.308195704523392	-0.0988154185535714	2.28559541374989	0.0259759243864383
"SEC31A"	0.203732666777778	0.216467765035714	2.28298998497552	0.0261390211772018
"HGFAC"	0.351769683190058	-0.474384407839286	2.28143018290298	0.0262370970183741
"H2AFY"	-0.245637438903509	0.0510681781607143	-2.28068928807689	0.0262837965522267
"INTS7"	-0.275766895149123	-0.0846554953392857	-2.28028024678145	0.0263096105064756
"TNNT2"	0.722751314652047	0.149400799303571	2.28022375223192	0.0263131775550827
"ZNF226"	-0.36855010725731	0.106449239392857	-2.27920630878724	0.0263774920678817
"MAPKBP1"	0.194948154260234	0.000780731910714285	2.27908895964486	0.026384918884909
"ZNF706"	-0.268355787298246	0.159682844785714	-2.27898029378835	0.0263917978055066
"C4BPA"	-0.693012804730994	-0.286072364464286	-2.27821462337209	0.026440312451357
"FKBP2"	-0.304990421698831	-0.113902108625	-2.27793996952983	0.0264577344101472
"ROR1"	0.35416165272807	0.195050067696429	2.27743886306631	0.0264895470306607
"CENTG2"	0.32711238775731	0.053613580625	2.27346326165665	0.0267431410333001
"AKR7A3"	0.199942411157895	-0.00412056707142857	2.27341717729945	0.0267460932134642
"STX2"	0.244200745713451	0.351732144178571	2.27252813627804	0.0268031020439836
"MAT1A"	-0.491894323596492	-0.356474346964286	-2.27232086090253	0.0268164088289199
"WDR59"	0.187564686435672	-0.119303065446429	2.27042794748628	0.0269382022493608
"RAB9A"	-0.326090807739766	0.0861382971964286	-2.27018111419252	0.0269541200048553
"ARHGEF1"	0.198613636885965	-0.00883886698214285	2.26661756791466	0.0271848557483708
"C11ORF9"	0.457350592482456	0.180280413267857	2.26359104627944	0.0273821915379743
"TCEB1"	-0.257957126906433	0.0570411693928571	-2.26289146576518	0.0274279857590754
"SSFA2"	-0.321239669859649	-0.0799772746428571	-2.2614014707324	0.0275257461831533
"ATP1B1"	-0.418394474403509	-0.0572350914642857	-2.26080516305656	0.027564957002018
"LRRC48"	0.311437453388889	-0.265934991267857	2.26075671824647	0.0275681447100832
"MYL4"	-0.219547756622807	-0.0444470074821429	-2.26039071582055	0.0275922385141716
"GOLPH3"	-0.25176386869883	0.0542462767678571	-2.25872199201314	0.0277023263217071
"SLC12A9"	0.228056929087719	-0.1082773425	2.25786308761053	0.0277591406914661
"SFT2D2"	-0.319261945517544	0.163398916625	-2.25757708854278	0.0277780816789777
"DUS2L"	0.207739158134503	0.00201778325	2.25626357747923	0.0278652190938689
"MAP3K12"	0.247208109190058	-0.0839580866964286	2.25565145656373	0.0279059093121443
"MPV17"	0.234489125891813	0.102411206303571	2.25300475770222	0.0280824519515479
"EIF3B"	0.281931935497076	-0.0809289592857143	2.24914261285578	0.0283418406936689
"DDX56"	0.356136790505848	-0.159397506589286	2.24780297476363	0.0284323067675326
"NEFH"	0.993629089119883	-0.478415218696429	2.24764454670275	0.0284430223120247
"BMP15"	0.198688903002924	-0.160126331696429	2.24746579273997	0.0284551169185233
"HIST1H4A"	-0.317833497350877	-0.225280175321429	-2.24678781396722	0.0285010307200561
"LANCL2"	0.346987094260234	-0.134996712803571	2.24445770399662	0.0286593291015673
"RASGRP1"	0.417990265847953	0.0972475187857143	2.24239929307847	0.0287998151278302
"MBOAT5"	0.335153065950292	0.0485002648035714	2.24182391655913	0.0288391930770152
"AKAP10"	0.194692217406433	0.162717048125	2.24145253993474	0.028864634815433
"IQSEC1"	0.20390025751462	0.11179392825	2.23408240170714	0.0293736549755198
"DCX"	-0.179085871947368	-0.189756047035714	-2.23244057987289	0.0294881212162054
"PLSCR4"	0.482790763751462	0.176702668517857	2.23196945398657	0.0295210402747753
"KCNK2"	0.445409453994152	0.466683489892857	2.23133798156864	0.0295652141222301
"APOBEC3B"	-0.727069736847953	0.183782328392857	-2.22902728148527	0.0297273538630549
"GNL3L"	0.241154668552631	-0.112180545446429	2.22450556746068	0.0300469096357247
"FZD3"	-0.458980215649123	-0.247933705714286	-2.22407642455289	0.0300773945956067
"KIF1C"	0.245535304900585	0.0122568905	2.2239308155488	0.0300877443962074
"WDR47"	0.250738592894737	0.0621843903214286	2.22323642327085	0.0301371445966071
"EFCAB6"	0.385102367093567	-0.354555223607143	2.22276730244752	0.0301705590866892
"CYBRD1"	0.492433133432749	0.423233986392857	2.22129634296998	0.0302755443397434
"TMEM40"	-0.464782840190059	-0.185918265767857	-2.22118733722321	0.0302833370960808
"ADD2"	0.244662164321638	0.13674652325	2.22031181560267	0.0303459917867503
"RAB6IP1"	0.25157704054386	0.293348079535714	2.21943157276174	0.0304090995141682
"SULT1C2"	-0.552883277350877	-0.295601519821429	-2.21702356292877	0.0305823297387591
"LSM6"	-0.259895637523392	-0.0177114859107143	-2.21693517640962	0.0305887047049365
"BFSP1"	-0.276901865938597	-0.246025324089286	-2.21640592075265	0.0306269023057898
"PTEN"	0.318041090380117	0.205910370678571	2.21597964518653	0.030657698150593
"BFAR"	0.295506675324562	0.178005670839286	2.21455681776109	0.0307606864941619
"MFAP4"	0.463058887900585	0.923312467535714	2.21417146516214	0.0307886318292428
"CCDC94"	0.204956687494152	-0.148812277339286	2.210308004652	0.031070044157402
"SCG5"	0.725064626657895	0.00537682148214286	2.20891024563131	0.0311724127832818
"EXOSC8"	-0.352177103567251	0.0253690205	-2.20653263883282	0.0313472255518799
"RANBP17"	-0.227705047812865	0.113965104642857	-2.2061102437796	0.0313783721312446
"GALNAC4S-6ST"	0.379372885146199	0.745581768142857	2.2040267058544	0.0315324070550328
"DCTD"	0.241848739692983	0.226104815875	2.19852676875502	0.0319422159030549
"USP22"	0.203385027964912	0.107477329357143	2.19686942518227	0.0320666223140811
"HIST1H3F"	-0.288305694678363	-0.233311695285714	-2.19660655622771	0.0320863933465879
"P2RY5"	0.378082341169591	0.575921989857143	2.19618742299403	0.0321179395812292
"ERMAP"	0.329223718175439	0.0672833925714286	2.19591297901135	0.0321386104938977
"C16ORF7"	0.171148633277778	-0.107083986803571	2.19474396687914	0.0322267907060949
"FRY"	0.314404614035088	0.208779631571429	2.19409732262026	0.0322756593102111
"NCALD"	-0.576435082353801	0.302706507089286	-2.19226936964081	0.0324141550941282
"CEACAM1"	-0.275656375423977	-0.288021317589286	-2.19137546792774	0.0324820720121552
"TJP1"	0.405787544649123	0.188091516464286	2.18974837058197	0.0326060168130804
"EVI1"	-0.51919057824269	-0.269674275232143	-2.18677929774927	0.0328332586620632
"C9ORF6"	0.276479560061404	-0.054123863875	2.18574642949683	0.0329126361573171
"APPL2"	0.244713761169591	0.178626070714286	2.18487042790649	0.0329800902802557
"EPB41L2"	0.390195224005848	0.120482966535714	2.18459393726894	0.0330014058887181
"WWP1"	-0.292138859283626	0.265913221696429	-2.18429918654858	0.033024142554483
"TARS"	-0.351481147087719	0.201816384928571	-2.18187678757185	0.033211524851463
"ASPHD1"	0.44015288005848	0.090214568	2.18120710690494	0.0332634917991483
"C10ORF79"	0.356358969321637	-0.326641538285714	2.18104297264339	0.0332762394400839
"PMAIP1"	-0.365286174438596	-0.0289164121071429	-2.18049612919351	0.0333187415056499
"MINPP1"	0.374111630429825	0.109837038660714	2.18035250374629	0.033329912341211
"MLLT4"	0.417450571476608	-0.159258332589286	2.18003652327435	0.0333545001040551
"FANCE"	-0.213232143730994	-0.233510303	-2.17987244164718	0.0333672742627398
"ATF7IP2"	0.358757630795322	-0.0818044859285714	2.17863021492436	0.0334641240967451
"ARHGEF4"	0.154887574064327	-0.165996206178571	2.17813614790324	0.0335027124208512
"KIAA1107"	0.299004601187134	-0.152411703321429	2.17144911631526	0.0340288469032689
"TIMM8B"	-0.319616660312866	-0.110851677660714	-2.17056595814623	0.0340988726663529
"GMNN"	-0.416822005304094	-0.233612764678571	-2.1695568637817	0.0341790386107235
"BMI1"	0.310754649269006	0.0595734483214286	2.16825536225191	0.0342826784254276
"GJB3"	-0.265176765035088	0.124559290607143	-2.16782432205328	0.0343170632626603
"EHBP1"	0.233687317839181	0.0449480118392857	2.16650501435869	0.0344224947555549
"TMEM70"	-0.23898284702924	0.0615017418571429	-2.16537291595731	0.0345131918396455
"LOC389517"	0.220411076780702	-0.206717986910714	2.16531142108614	0.0345181244410696
"PKN1"	0.352006276432749	-0.189088868142857	2.16427902899696	0.0346010265729172
"TP63"	-0.564995054219298	-0.0433164360892857	-2.16358512960002	0.0346568454186761
"WDR5B"	0.320984504760234	-0.001089747	2.16334991800395	0.03467578427634
"KIAA0427"	0.21133648722807	0.148120871785714	2.16295420806848	0.0347076666672881
"ZMYND8"	0.294019417459064	-0.0276591554107143	2.16169432591796	0.0348093466712844
"HEBP1"	0.30034854	0.0870785961428572	2.16143269144094	0.0348304948353374
"LSAMP"	0.400079154900585	0.613509628928571	2.16131970403688	0.034839631195058
"LDOC1"	0.480247860002924	-0.092120511875	2.161131869549	0.0348548244685774
"PTRF"	0.30007352831579	0.807846136214286	2.16025116384782	0.0349261391158072
"RPS6KA2"	0.297415572710526	0.0568587489464286	2.15958176200487	0.0349804290307946
"CHN2"	0.32757058825731	0.286193041357143	2.15906543118513	0.0350223550507279
"FAM130A2"	0.347064424140351	-0.000905061428571424	2.15853403536214	0.0350655503068019
"HIST1H1D"	-0.396399927219298	-0.159751845267857	-2.15815152948803	0.0350966717132063
"GPR35"	0.189135235266082	-0.206362599232143	2.15670140981747	0.0352148760392289
"FOXL1"	-0.161414781777778	-0.203038979214286	-2.15245781672014	0.0355627914289465
"HIST1H2BB"	-0.11321405324269	-0.107198602267857	-2.15208797134222	0.0355932556634889
"CD38"	-0.474034846195906	0.0663303525535714	-2.15149248387543	0.0356423540819689
"ULK2"	0.241013158900585	0.0257496445714286	2.14937779734369	0.0358171910588488
"TPP1"	0.241574962675439	0.360637350803571	2.14780649604963	0.0359475878855776
"COL4A6"	0.303369343497076	0.0476913716428571	2.14775371030924	0.035951975592482
"FAM90A1"	0.335693770096491	-0.360721941803571	2.14764774949616	0.0359607847831787
"ZNF12"	0.266318585154971	0.0451071121607143	2.14642306246213	0.036062737875392
"PAIP2B"	0.323177383444444	-0.229405431321429	2.14354849650468	0.0363030344165857
"SLCO4C1"	-0.268056505947368	-0.109931659321429	-2.14291244361085	0.0363563934548181
"SCN11A"	0.154243603312865	-0.168828964303571	2.14211998705331	0.0364229692812636
"GAP43"	0.257599658233918	0.174478139857143	2.14185596608769	0.0364451738622633
"CRMP1"	0.457802441307018	0.225912480732143	2.13987510941782	0.0366121449000811
"VPS8"	0.313852972415205	0.120154213535714	2.13822714167384	0.0367515651769047
"MAGEA12"	0.420486071590643	-0.236635993071429	2.1375738504107	0.0368069628048427
"COPB1"	0.194625311219298	0.190083333696429	2.13739756115894	0.0368219242349967
"BPGM"	-0.373960880783626	0.134469961214286	-2.13729911948308	0.03683028115926
"RNASE4"	0.287915158979532	0.409433015375	2.13651030748166	0.0368973049735471
"NOL4"	-0.255633681540936	-0.0622177823035714	-2.13615072790805	0.0369278930996679
"GRIK3"	0.250546922921052	-0.0491984674107143	2.13614660338307	0.0369282440865094
"MASP2"	0.259254146222222	-0.310283913642857	2.13526100015895	0.0370036742681213
"PRMT3"	0.346646562599415	0.00685203319642857	2.13523118249897	0.0370062162922013
"IFITM3"	0.26029758280117	0.0164401961071429	2.13482760089439	0.0370406375640201
"OTC"	-0.325606820096491	-0.0971352227678571	-2.13423685892693	0.0370910720898849
"PARK2"	0.204730318263158	-0.0816844525357143	2.13401104195035	0.0371103670324478
"GREM2"	0.275554269885965	0.446392466767857	2.13383168414095	0.0371256985171585
"IGLV2-14"	-0.749170932222221	0.618582321	-2.13203369788833	0.0372796961986805
"ARID5B"	0.377092578371345	0.496213813446429	2.13189112707363	0.0372919312434445
"GIPC1"	0.29920888797076	-0.0841357711071428	2.13163642088625	0.0373137981752805
"NAT1"	-0.337845311105263	0.116041232892857	-2.13068058248935	0.0373959583262705
"ANKZF1"	0.203344698397661	-0.0931017219285714	2.12977177708825	0.0374742221813329
"USP10"	0.233389973959064	-0.0198531063214286	2.1296201952016	0.0374872899107453
"EDEM2"	0.285420256453216	0.0114617254464286	2.12809704474305	0.0376188202903146
"ZFP106"	0.232988838435673	0.148163692339286	2.12785556446731	0.0376397100788958
"ARL4D"	0.444372029087719	0.0493216690714286	2.12732763554414	0.0376854150216594
"ST7"	-0.219724769046784	-0.233870859964286	-2.12686739447766	0.0377252994763746
"IGFBP4"	0.355505115020468	0.940821137125	2.12652490066264	0.0377550038731519
"CAD"	0.243160284154971	-0.0883217499464286	2.12534245100642	0.0378577143953554
"BTNL8"	0.214532384429825	-0.0217559544107143	2.12532835395811	0.0378589403697676
"KLF13"	0.334570108345029	0.0662075246785714	2.12327860453875	0.0380375696365368
"NDUFA5"	-0.278108805590643	-0.000851588714285709	-2.1214098229673	0.0382010686115625
"RPL13"	0.260213849385965	-0.192171087178571	2.12120261679232	0.0382192347058235
"ZDHHC4"	0.28936657669883	0.00412266444642857	2.11917045782142	0.0383977970879336
"GTF2H1"	0.243483854938597	0.142703974553571	2.11635262604073	0.0386465990398298
"EXPH5"	-0.403911561187135	-0.175390836964286	-2.1161786142549	0.0386620094844587
"PIN4"	-0.302244753134503	-0.151312559642857	-2.11603790987697	0.0386744741501024
"GAS8"	0.188594830517544	-0.279702492232143	2.11541676271516	0.0387295419835921
"DGKB"	-0.251001023038012	-0.100576118446429	-2.11531332988342	0.038738718463263
"CCND2"	0.57568930202924	0.165059357964286	2.11319856273547	0.0389267549737392
"ITM2C"	-0.498656102192982	0.152312340964286	-2.11223704640478	0.0390125118725531
"AMPD2"	0.229879704988304	-0.113292038035714	2.11174712152309	0.0390562711853022
"C20ORF121"	0.263048508608187	0.112887852285714	2.11152712150864	0.0390759351507505
"UQCR"	-0.246917897602339	-0.0700817234285714	-2.10999004269346	0.0392135626799182
"FLJ10490"	-0.287435483698831	-0.200841387982143	-2.1057622443443	0.039594293534352
"PRSS8"	-0.459276097839181	-0.074878908125	-2.10424768652687	0.0397314669264653
"CYP3A4"	-0.139831507289474	-0.0916703198392857	-2.10355542549253	0.0397943026376957
"MAP4"	0.253385578540936	0.0914836907678571	2.10339667145811	0.0398087247435885
"INCENP"	-0.295819499979532	-0.131258494910714	-2.10297194833197	0.0398473313484858
"C14ORF109"	-0.353845315766082	0.0773881708571429	-2.10227703758998	0.039910567846182
"SLCO2A1"	-0.417458996421053	0.177591026071429	-2.10219602671167	0.0399179454750309
"MYST4"	0.293946695599415	-0.0175105742678571	2.09900351712697	0.0402096329285137
"PACRG"	0.294025575868421	-0.348020733053571	2.09817799443906	0.0402853589688863
"ERCC4"	0.235968384976608	0.0267750429642857	2.09794269496935	0.0403069659445884
"MAN2B1"	0.266640921763158	-0.0436660701964286	2.09693089620384	0.040399991904926
"BNC2"	0.420858451350878	0.548799808607143	2.09643402820718	0.0404457428803483
"PNPLA6"	0.28903710147076	-0.0753448964107143	2.0951529070647	0.0405639148935966
"MMS19"	0.268090088143275	0.004719788625	2.09466228273682	0.0406092500895401
"POPDC3"	-0.484048021847954	-0.341706602428571	-2.09110449054439	0.0409393215347007
"ATP2C1"	0.234119135134503	0.176090755071429	2.09090898901398	0.0409575264615636
"TMOD2"	0.268105883491228	0.271036555464286	2.08987262850941	0.0410541490183864
"PER1"	0.319479087666667	0.10707734425	2.08967979630458	0.0410721491109364
"ATN1"	0.20659020078655	-0.256879943232143	2.08967449815372	0.0410726437683387
"MRPL48"	-0.299499423052632	-0.0728809196428571	-2.08922971630246	0.0411141889239546
"WIPI2"	0.24925088875731	-0.0776937672678572	2.08849410131725	0.041182979720856
"FEN1"	-0.313975807087719	0.0271282207857143	-2.08833320319135	0.0411980393846209
"CAPN5"	-0.237769062526316	-0.0681996420714286	-2.08614545128919	0.0414032830244448
"DCTN2"	0.221895094374269	-0.0862597215714286	2.08424839217205	0.0415819740782584
"PYY"	-0.182033105520468	-0.277428665928571	-2.08127706059268	0.041863201440824
"CAMK1"	0.194360958289474	-0.153746281625	2.08089530253	0.0418994531488808
"IFITM2"	0.29790312051462	0.298977398714286	2.08075124477118	0.0419131399428649
"PAFAH1B2"	-0.2232939285	0.0539716135535714	-2.07953391729915	0.0420289522105434
"DNAI1"	0.1804734275	-0.333990894017857	2.07920584544151	0.0420602113124102
"CLPTM1"	-0.255727172675439	0.0425900660535714	-2.07748716225811	0.0422242997169442
"ALOX5AP"	0.412372496070175	1.01350487157143	2.07748384417037	0.0422246170425607
"HPCAL1"	0.307748912254386	-0.0261485041964286	2.0772606106684	0.0422459707539642
"HEY1"	-0.602055183619883	0.17177560675	-2.07720887906322	0.0422509205504155
"UPK3B"	0.635804697114035	0.0701913635535714	2.0769551309099	0.0422752070369347
"C2ORF24"	0.208187296666666	-0.142509070142857	2.07691039524589	0.0422794899878966
"CCNE2"	-0.360839602400585	0.128004916375	-2.07578005666473	0.0423878326182111
"COL4A5"	0.417586062415205	0.265113380464286	2.07456943964457	0.0425041370866098
"KIAA0430"	0.205707581900585	0.0542463863928571	2.07353784095851	0.042603461633279
"RUVBL1"	0.264070021230994	0.00390074333928572	2.07232449808284	0.0427205426008923
"SLC22A3"	0.344258790947368	0.230361104428571	2.07190040810387	0.0427615307574088
"ATAD5"	-0.342263186	-0.151631922928571	-2.07148153846935	0.0428020478556261
"ZYX"	0.317521588380117	0.335719104392857	2.07130544631865	0.0428190911226431
"TUB"	0.145552443976608	-0.148487111785714	2.0696656248619	0.0429780858741106
"FLII"	0.223235191336257	0.133996986696429	2.06947038066682	0.0429970505442991
"ST8SIA4"	-0.341720946959065	0.457887351928571	-2.06938743003805	0.0430051099910569
"GABRP"	-0.817334179096491	0.306461534196429	-2.06872078305901	0.0430699287102908
"CLK3"	0.179785071722222	-0.107970316732143	2.06673075388327	0.0432639253444513
"P15RS"	-0.370751464599415	0.151085072589286	-2.06627304031898	0.0433086522584333
"PTCD2"	0.270852370192982	-0.0157258176071429	2.06601141083671	0.043334236204899
"ABCA3"	0.275639927400585	-0.247843708196429	2.06576090241174	0.0433587449354078
"TRIM66"	0.193420842812865	-0.0709501571785714	2.06547515848736	0.0433867156352437
"CDC45L"	-0.364905253833333	-0.0828073104464286	-2.06444713885176	0.043487475107467
"SLCO1B1"	-0.183922991078947	-0.126517495196429	-2.06333080238944	0.0435971204525413
"CXCL11"	-0.665424037997076	0.387278275125	-2.06066068181812	0.043860349134809
"NDUFC1"	-0.222427486421053	-0.189024430285714	-2.06038569526341	0.0438875362047417
"SLBP"	-0.272060077429825	0.0641150537321429	-2.05983553056171	0.0439419731165704
"CKS1B"	-0.381146019891813	-0.0729489952321428	-2.05960570182291	0.043964731199666
"C12ORF24"	0.324395274669591	-0.0387596537321429	2.05943828578689	0.0439813154845853
"ACAA2"	0.312037555093567	0.31807731575	2.05935966278152	0.0439891057741259
"PHLPPL"	0.24758557721345	0.0740704042321429	2.056793592992	0.0442440194769848
"UCRC"	-0.276274959792398	-0.104035381410714	-2.05669768034125	0.0442535722037855
"PEX5"	0.225622978611111	-0.102131237303571	2.05637254055304	0.0442859688315702
"PTPN6"	0.242707418798246	-0.0717877482321429	2.0556656354235	0.0443564750803061
"LONRF3"	-0.327851062131579	-0.00186728891071429	-2.05515076753983	0.0444078888211164
"C16ORF45"	0.286570977511696	0.258545709625	2.05462270691944	0.0444606735563271
"ARL14"	-0.359304474011696	-0.1224548335	-2.05346839697279	0.0445762471205755
"C11ORF58"	0.240639448903509	0.166035478053571	2.05335906040065	0.0445872077542164
"BCAR3"	0.343263799397661	0.113847126321429	2.05298021683907	0.0446252036306824
"DHCR7"	-0.348351368002924	0.114045343375	-2.05127501937389	0.0447965725334187
"LTC4S"	0.334894961157895	-0.160890635214286	2.05095407025104	0.0448288908833563
"TRAF1"	0.198493649473684	0.0377446687142857	2.05040154758545	0.0448845750747491
"BHLHB3"	0.619425246152047	0.0880605157142857	2.05010729210165	0.0449142550721667
"NDRG1"	-0.409369109769005	0.308405010517857	-2.04966678585512	0.0449587183540102
"HAO1"	-0.131941139792398	-0.122884033339286	-2.04550719283132	0.0453804554635444
"EHD2"	0.222943501476608	0.455672273267857	2.04308841250596	0.0456272631612214
"APH1B"	0.300036027546784	-0.0864612709464286	2.0412946748418	0.0458110413863108
"GTF2I"	0.220830489321637	0.0679081935	2.04034974890027	0.0459081112887164
"TMEM48"	-0.298226963020468	0.145050515946429	-2.03997208802855	0.0459469571524744
"HOMER2"	-0.499331471903509	-0.216057187446429	-2.0394842109612	0.0459971818101516
"PCDHB8"	-0.667529864584795	-0.121693838785714	-2.0380444122764	0.0461456790596181
"ZC3H7A"	0.228902449795322	0.05697834375	2.03780860132543	0.0461700394519532
"CYR61"	0.48366380881579	1.22950932830357	2.03669358503408	0.0462853764829407
"MICALL2"	0.293613845830409	0.0809687504642857	2.03594572264135	0.0463628745961039
"ALG5"	-0.289548129239766	0.268258680642857	-2.03338968103363	0.0466285942454884
"SPATA20"	0.351296733818713	-0.184010563464286	2.03318328770217	0.0466501076517212
"ATXN2"	0.186477111827485	-0.0110107849464286	2.03096780554231	0.0468815787655534
"SPG7"	0.212100385918129	-0.0591175389285714	2.03044755596618	0.0469360774080817
"XBP1"	-0.33079576347076	0.212861581839286	-2.0300426925348	0.0469785266321717
"KIAA0232"	-0.269057316336257	0.119623086125	-2.02896259795582	0.0470919348433872
"PTS"	-0.309816335324561	0.111149657089286	-2.02667702836808	0.0473326953119407
"CDK10"	0.190993593578947	-0.135462183142857	2.02494098394425	0.0475162782438677
"GNA12"	0.219082207853801	0.0975400814642857	2.02432366938787	0.0475817058114148
"TRIO"	-0.233795438745614	0.175947594696429	-2.0242882985633	0.0475854570262758
"ECHS1"	0.233791688172514	-0.133643738553571	2.02411062908918	0.0476043034312069
"LSM8"	-0.31772006348538	0.0411598961428571	-2.02384559050852	0.0476324295376753
"LYL1"	0.233320152587719	0.114914121410714	2.02192316828221	0.0478368679135755
"SC4MOL"	-0.39306335175731	0.182597621232143	-2.02153827097135	0.0478778902914524
"OR3A1"	0.451171071517544	-0.126571436696429	2.02138353957516	0.0478943901198861
"MN1"	0.315124938514621	0.628401125571429	2.02131550529825	0.0479016465271077
"ANKMY1"	0.175822790418128	-0.254282534625	2.02062234723948	0.0479756315050646
"AMFR"	0.36977384248538	0.0711679066785714	2.01957352775133	0.0480877657240783
"EFNA5"	-0.264422952040936	0.168271185535714	-2.01956331553435	0.0480888586700544
"XPC"	0.219484931871345	-0.0256248117142857	2.01922400938269	0.0481251845401536
"DERL1"	-0.272141294909357	0.217836156482143	-2.01785767121362	0.0482717032447635
"CHORDC1"	-0.329082875400585	0.165559459767857	-2.01755991423347	0.048303684069394
"ZNF512B"	0.277828713760234	-0.06330274325	2.01735297844634	0.0483259209268746
"HSPB2"	0.370872890146199	0.129100897392857	2.0167932163449	0.0483861159311021
"FXYD5"	0.300888902912281	0.224091197142857	2.01404786308162	0.0486822788645896
"C1ORF112"	-0.309424865596491	-0.12629299475	-2.01387839417783	0.0487006118857468
"SCAMP2"	0.219471857187135	0.0906804013928571	2.0132916158656	0.0487641350906059
"SIX3"	-0.520906604391813	-0.15115860875	-2.01228918594724	0.0488728208743193
"PRDM10"	-0.172857994605263	-0.0495359671607143	-2.01027617082856	0.0490917070102901
"GUF1"	-0.222561653675439	0.150471725446429	-2.00983562119954	0.0491397228187536
"CALML4"	0.241142704634503	-0.408284153517857	2.00804862654796	0.0493349035391074
"PLD2"	0.197174912327485	-0.101821031714286	2.0061732542988	0.0495404545154178
"SCD5"	0.279149210663743	-0.0468144300535714	2.00615622923057	0.049542323926603
"RPS24"	0.168223598587719	0.00446266805357143	2.0048125261915	0.0496900587824331
"CDKN1B"	0.318778412175439	-0.0193109232142857	2.00430130079157	0.049746365479296
"MKLN1"	-0.215147959459064	-0.0424422420178571	-2.00419499097281	0.049758081405149
"PAPSS1"	0.217272792292398	0.1950800775	2.00368547160728	0.0498142662034254
"OS9"	0.188502824573099	0.0561457864285714	2.00214487567964	0.0499844801913943
