"logFC" "AveExpr" "t" "P.Value" "adj.P.Val" "B"
"RCAN1" -0.422682374367489 0.091718310277533 -4.22459557416153 3.45922628476451e-05 0.229011599146931 1.09190823659738
"AREG" -0.733567613983083 -0.00306281460352423 -4.12474850269306 5.19858921706104e-05 0.229011599146931 0.80744418210861
"EFEMP1" -0.756223442824874 0.147475365162996 -4.09798700784498 5.79092040998644e-05 0.229011599146931 0.732152442129085
"ST7" 0.26459215384602 -0.00624276040528634 3.9773245271092 9.35650605735101e-05 0.277513969661031 0.3977305098363
"RCL1" 0.333295023131315 0.0704434673436123 3.67116775114533 0.000300626797780341 0.454250056543991 -0.412906551622615
"RBM28" 0.276191338078724 -0.0347826393171806 3.65092949712241 0.000323908928345027 0.454250056543991 -0.464540226194836
"C17ORF60" -0.412706802909129 0.161986122837004 -3.64875064685731 0.00032651435808902 0.454250056543991 -0.470084467518447
"NLGN1" 0.598075197106809 -0.0284096722070485 3.62495093135322 0.000356288939335103 0.454250056543991 -0.530458890429921
"STEAP4" -0.47042111969475 0.0200604060176211 -3.60968982813042 0.000376706774681442 0.454250056543991 -0.568993501759785
"HSPB7" -0.304094173510084 -0.103440534577093 -3.60286225391717 0.000386193433117506 0.454250056543991 -0.586187823688952
"C9ORF82" 0.3414862642648 0.0859171646387665 3.57898357917351 0.000421169135366141 0.454250056543991 -0.646101660351068
"KCNE4" -0.438107973836151 0.0220285886607929 -3.54367410906534 0.000478381834739612 0.472960173945896 -0.734063777077526
"ZNF365" -0.349552736963564 0.0412060670352423 -3.44849748520369 0.000671046811830427 0.564343533152142 -0.967382842574767
"COL8A1" -0.480571090133701 0.0562472528237885 -3.42187576922871 0.000736724826905821 0.564343533152142 -1.03165048229314
"CX3CR1" -0.612572845179134 0.21779952246696 -3.41633395715555 0.00075113202726291 0.564343533152142 -1.04497410845862
"NBL1" -0.454578314400888 0.0561855362643172 -3.36106747126107 0.000909943192069801 0.564343533152142 -1.17680735356743
"PSIP1" 0.356025869719149 0.093200900845815 3.35075131558374 0.00094285648735124 0.564343533152142 -1.20120599429434
"GDPD3" -0.403517809032855 -0.00185401989427313 -3.33635770025979 0.000990636639857418 0.564343533152142 -1.23513766641061
"CYBRD1" -0.514986913084796 0.150323676845815 -3.31947202187555 0.00104956283561054 0.564343533152142 -1.27477976132148
"PORCN" -0.429864143932877 -0.0117489571057269 -3.31397926946914 0.00106942401306306 0.564343533152142 -1.28763665078245
"KIAA0020" 0.298310682263391 0.0841254934140969 3.30225801961562 0.00111298250323746 0.564343533152142 -1.31500962189157
"GAP43" -0.295914657226523 -0.0607586358193833 -3.28934038305521 0.00116289648594692 0.564343533152142 -1.34507711341935
"NNMT" -0.801242018665905 0.285801334964758 -3.28622248051634 0.00117525217484539 0.564343533152142 -1.35231880397775
"VSIG4" -0.515950520560398 0.357730377330396 -3.25090535654956 0.00132399486634334 0.564343533152142 -1.43392160758129
"PLAA" 0.252878553631424 0.0741127154449339 3.24705084491631 0.00134124624483866 0.564343533152142 -1.44278035756633
"COL8A2" -0.513834069951744 0.0779254910176211 -3.23892101032817 0.00137831897349971 0.564343533152142 -1.46143437261698
"DCLRE1A" 0.284498944153545 0.0464517125594714 3.23859111772591 0.00137984320756435 0.564343533152142 -1.4621904379565
"SIX1" 0.682141412551506 -0.1309804969163 3.23407736672163 0.00140085630137628 0.564343533152142 -1.47252841263945
"RBM34" 0.232700940816091 0.10372940814978 3.21512519156416 0.00149236784053316 0.564343533152142 -1.51579507884297
"CHML" 0.340901131155388 0.120562886246696 3.20069955081321 0.00156570546251987 0.564343533152142 -1.54857610742957
"UGT8" 0.439264534440034 0.0415174714977974 3.18954093011114 0.0016247100968356 0.564343533152142 -1.57384294585458
"GAD1" 0.38939547155194 -0.0944979314977974 3.18758996443051 0.00163523560406331 0.564343533152142 -1.57825249676063
"LUM" -0.820406681477875 0.403462822022026 -3.18197899637098 0.00166585999186386 0.564343533152142 -1.59092092112404
"GHITM" -0.267257479655822 0.125838180995595 -3.1774812689373 0.00169079095958475 0.564343533152142 -1.60106148471689
"OLR1" -0.366424235163846 0.187428431264317 -3.16722606303636 0.00174893302268775 0.564343533152142 -1.62413492419948
"TRIM27" 0.234088031306441 0.045260904753304 3.15653579960793 0.0018115072091108 0.564343533152142 -1.64811622759511
"FZD1" -0.266341075055085 0.0684231039867841 -3.15012784606707 0.00185000161968083 0.564343533152142 -1.66245632448292
"OLFML3" -0.45926334241184 0.225822154079295 -3.14931450771918 0.00185494131546454 0.564343533152142 -1.66427459618711
"FGF7" -0.485524419719257 0.116149766295154 -3.14928160222439 0.00185514141882447 0.564343533152142 -1.66434814975461
"MATK" -0.259332911513879 -0.0671284725418502 -3.13578774967879 0.00193890298878503 0.567810202475622 -1.69445292389554
"PTGER3" -0.3130786006067 0.0526132192687225 -3.13212151673091 0.00196225710565581 0.567810202475622 -1.70261228359929
"ATP6V1B2" -0.285125233415419 0.173903425343612 -3.11405225559696 0.00208120355385002 0.576203956897853 -1.74270117828114
"PLEKHA9" 0.240714022175233 -0.0435183617048458 3.09953757869782 0.00218153465146153 0.576203956897853 -1.77475304035856
"DNAJC17" -0.223010861990783 0.0249677755903084 -3.0976351153878 0.00219501106707761 0.576203956897853 -1.77894416512349
"RAB31" -0.421917909944587 0.186193153506608 -3.0964231398645 0.00220363630380469 0.576203956897853 -1.78161294068727
"MGC4294" -0.440326678826175 -0.0387042465462555 -3.08185054732869 0.002309821680546 0.576203956897853 -1.81362836052298
"BMP4" -0.43494666890837 0.0374100395947137 -3.07880793000039 0.00233257910526688 0.576203956897853 -1.82029573690895
"LEPROT" -0.304421085395792 0.112483649189427 -3.07878974188727 0.00233271576354667 0.576203956897853 -1.8203355752439
"GFPT2" -0.384335099104423 0.0671624503700441 -3.07258041117506 0.00237980393526591 0.576203956897853 -1.83392380873069
"FOXA2" 0.488450246738451 -0.0677508775066079 3.05255572786671 0.0025376919140623 0.581844841168654 -1.87757670550316
